0	11.3	27.3	9.7	1.6
0	11.3	26.7	9.2	1.9
0	8.6	26.7	9.3	1.3
0	7.6	27.2	10.1	1.1
0	9.1	27.9	10.2	1.0
0	7.6	27.2	9.9	0.9
0	7.1	27.3	10.3	0.9
0	7.9	27.8	10.4	1.3
0	10.2	27.7	10.2	1.4
0	8.7	28.7	10.1	1.3
0	10.3	29.7	10.5	2.0
0	12.6	30	10.6	2.7
0	15.4	30.2	10.4	2.7
0	13.2	31.2	6	0.9
0	14.4	32.1	8.2	1.7
0	14.8	32.5	7.9	1.9
0	13.4	31.6	8	1.9
0	10.6	30.8	9.5	1.9
0	13.5	31.2	10.5	0.9
0	10.7	30.9	10.4	1.3
0	13	31.6	10.6	1.3
0	12.9	35	6	1.2
0	10.3	33.7	10.5	1.4
0	10.8	30.9	10.3	1.1
0	11.6	30.8	10.5	1.1
0	16.6	29.6	10.4	2.1
0	13.8	28.9	9.8	2.0
0	14.2	29.2	10.4	2.4
0	12	29.5	10	1.8
0	10.8	30.2	9.9	0.8
0	8.3	30.8	10.5	1.2
0	11.8	30.4	10.4	1.4
0	12.2	31.6	10.7	2.6
0	13.4	31.6	10.4	2.0
0	14.9	33.6	10.3	1.7
0	15	32	10.4	2.1
0	14.6	33.2	10.5	2.3
0	11	31.6	8.7	1.4
0	15.7	32.4	10.3	1.3
0	17.1	32.6	9.2	2.7
0	18.4	32	9.4	1.6
0	17.4	33.8	9.7	2.7
0	15.5	32.6	10.2	2.0
0	14.7	30.9	10.3	1.4
0	16.7	30.8	5.7	2.0
0	16.7	29.7	8	2.5
0	17.5	30.4	8.6	2.6
0	17.7	32.2	8	2.1
0	13	32.8	9.9	1.8
0	13.9	31.7	10.2	1.3
0	18.2	31.7	8.3	4.0
0	17.5	32.2	10.2	3.5
0	18	32.1	9.2	3.1
0	18.4	28.2	5.2	4.3
0	18	30	6.5	4.2
0	19	29.7	5.8	2.9
55.6	16.8	29.4	5.5	2.5
2.2	15.5	26.2	2.7	2.7
0	14.5	28.9	9.4	1.1
0	11.3	30.2	10.2	1.3
0	12.7	31.2	11	1.4
0	15.1	33.4	10.7	1.5
0	15.7	34.8	10.7	1.8
0	15.2	34.8	10.5	1.7
0	15.9	35.7	10.7	1.8
0	14.6	35.2	10.5	1.9
0	16.4	34.2	10.5	3.2
0	15.8	34.2	10.5	1.7
0	14.2	33.4	10.4	1.5
0	12.4	33.5	10.5	1.7
0	13.2	34.3	10.5	1.2
0	13.7	35.4	10.7	1.4
0	13.9	36.2	10.5	1.6
0	16.4	35.7	10.6	1.7
0	15.1	34.2	10.4	1.6
0	13.8	34.7	10.9	1.1
0	15.4	34.8	10.7	1.5
0	17.3	35.8	10.1	1.6
0	17	36.3	10.8	1.5
0	16.3	35.9	10.5	1.3
0	17	36.3	10.2	1.1
0	18.8	36	9.8	3.1
0	16	35.4	10.1	3.9
0	17.4	35.8	10.5	1.8
0	16.2	35.2	10.5	1.5
0	17.8	35.7	9.8	2.2
0	20.6	35.2	9.9	2.2
0	19.5	34.7	8.9	2.6
0	17.8	35.4	9.1	1.9
0	14.5	35.7	10.1	1.6
0	14.4	37.4	10.5	1.4
0	17.8	38	10.4	1.6
0	19.6	36	10.4	2.7
0	19.2	37.2	10.7	2.7
0	20.1	38.2	10.7	3.1
0	20.1	38.8	10.2	2.4
0	19.1	39.2	10.3	2.4
0	20.9	39	10.2	2.5
0	20.2	38.2	9.4	2.5
0	21.4	40	7.8	1.7
0	19.4	40.2	10.6	1.8
0	20.3	40.4	10.5	1.8
0	22.6	40.2	9	1.7
0	23.2	40	9.8	2.1
0	20.3	40	9.1	2.3
0	22.9	40.3	9.5	2.6
0	23.1	39	10.7	2.3
0	21	40.2	9.1	2.8
0	19	38.4	8.5	2.6
0	20	37.2	9.3	4.0
0	17.9	36	4.5	1.9
0	20	38.2	10.7	1.9
0	21.6	39.4	9.9	2.0
0	24.6	40.2	9.2	3.0
0	20	38.4	10.1	2.0
0	20.3	40.4	10.5	2.4
0	20.7	39.2	11.2	2.9
0	20.2	41.6	10.8	2.5
0	19.7	42.1	11.4	2.5
0	20.8	41.8	11.3	2.3
0	20.1	41.8	11.5	1.8
0	20.4	41.7	11.2	1.6
0	21.6	41.2	11.3	1.9
0	25.6	42.1	8.5	2.2
0	22.9	40.8	9.4	3.8
0	22.3	39.1	10.6	3.4
86.3	16	40.1	8.7	4.1
8.6	19.6	29.8	3.1	1.8
5.4	17.9	34.7	10.7	2.6
0	19.6	31.8	7.6	1.2
0	20.6	35.3	10.4	1.0
0	22.5	37	10.8	1.4
0.3	22.2	37.2	11	2.1
0	20.8	37.2	9.8	2.3
0	20.9	37.3	11.2	2.6
0	22.4	37.3	11.3	2.6
0.7	23.4	37.7	9.4	3.5
3.1	21.9	36.4	10.4	3.8
0	21.8	36.4	11.1	4.3
0	22.2	35.4	9.9	5.6
0	21.8	35.8	9	4.3
0	24.2	35.8	10.2	3.3
0	24.3	36.4	8.9	3.4
0	24.1	33.7	4.3	2.6
0	23.2	36.8	7.7	3.1
15.8	20.3	36.2	7.4	5.2
2.4	20.2	35.2	10.6	2.3
0	20.9	33.8	8.5	2.5
0	21.8	36.1	11.8	2.6
0	23.2	36.2	11.2	3.4
0	23.7	36.6	11.4	3.3
0	22.3	35.8	10.2	4.1
5.4	19.7	34.8	3.6	3.7
0	22.1	33.6	10.1	2.3
7.2	19.8	35.7	7.9	2.9
0	20.9	33.4	10.1	2.6
2.8	22.8	31.7	0.9	3.3
29	19.3	28.6	0	2.4
10.1	20.3	27.4	0	3.9
3.8	20.6	29.9	3.7	5.6
0.4	20.2	30.8	3.3	5.3
0	21.2	32	8.4	3.4
0	21.4	32.6	7.5	3.5
27.1	19.7	30.3	1.9	3.4
2.3	20	28.1	0	3.4
0	19.6	33.2	9.6	3.8
0	20.2	33.8	10.7	4.1
0.3	20.4	33.2	8	3.5
0.3	21	32.7	6.6	3.4
8.8	20.8	32.6	0.7	4.0
6.1	19.6	29.9	0	2.7
29.1	17.7	27.8	0	2.4
3.1	20.3	27.8	0.5	1.4
0.2	21.8	30.4	1.4	2.4
14.3	19.7	31.8	3.6	2.5
0	21.4	31.8	3.7	2.3
0	20.5	33.3	8.5	2.9
0	21.6	34.1	10	3.3
0.2	21.2	33.2	4.9	2.9
1.6	19.7	32.8	7.6	3.4
8.7	18.9	26.4	0	2.7
80	20	24.8	0	2.2
148.6	17.8	24.8	0.2	4.2
0	20.1	29	7.6	3.4
16.6	18.1	28.8	3	3.6
0	19.8	28.1	1.9	3.9
0	21.2	30.3	6.9	2.3
0.2	20.9	29.8	1.2	2.8
5.3	20.2	30.9	1.9	3.1
0.7	20.4	29.7	2.2	2.9
0	20	27.8	1.8	4.3
1.5	19.8	29.2	3.5	5.5
1	19.8	29.6	1.7	5.2
38.4	19.2	23.8	1.6	3.8
4	19.8	24.8	0	5.6
0	20.3	26.9	0.5	5.7
0	19.6	30.2	7.6	5.2
0	19.7	30	8	4.8
0	20.1	28.9	4.4	5.3
0	19.7	27.4	0	4.8
0.3	19.7	25.2	0	5.1
0	19	27.4	0	4.3
0	18.3	31.3	8.6	4.3
0	18.2	30.2	10.4	2.7
0	18.7	31.4	10.4	2.2
0	19.6	31.8	10.1	2.6
0	19.2	31.4	7.1	2.3
0	20.5	30	6.3	1.8
2.4	19.4	29.8	1.7	1.8
0	19.8	31.6	7	2.0
0	20	31.8	6.2	1.9
12	18.8	32.4	7.7	2.4
0	20.9	31.4	4.8	1.3
0	21.4	32.3	8.3	2.0
0	19.4	32.2	9.7	2.0
0	19.6	31.8	8.6	1.5
0	21	32.5	6.3	1.6
0	19.8	33	6	1.4
0	19	33.6	6.1	1.7
0	20.3	31.8	7.2	2.1
14.2	20.3	27.7	0.7	1.3
16	19	27.4	0.3	2.8
56.7	17.8	24.1	0	3.7
18.9	18	21.8	0	4.6
0	18.6	26.7	0.8	4.3
0	18.9	29	6.3	2.9
0	20.9	30.8	8.9	1.8
0	20	28.1	0.5	1.7
0	20.3	30.8	6.1	1.8
0	19.7	30.5	8.3	2.2
17	19.5	31.4	8.7	2.7
17.8	19.7	27.7	0.4	3.1
1.2	19.2	26.8	0	3.6
4.2	19.3	28.6	3.1	4.0
1.6	19.3	28.6	1.9	4.3
263.6	19.4	26.8	0.9	4.2
246.2	18.5	23.4	0	4.1
0	20.2	28.2	1.2	1.6
0.5	20.6	29.8	4.6	2.3
2.2	19.2	27.7	1	3.7
1.8	20	27.4	0	4.0
1.8	18.9	28	0.7	4.9
1.1	19.8	27.2	1.3	3.4
0	19.2	27.4	0.3	3.6
0.8	18.4	28.1	1.4	3.6
0	18.8	27.8	7.1	4.1
3.2	19	28.8	2.8	3.3
5.6	18.9	28.7	5.2	2.3
0	19.2	28.2	5.9	2.3
0	18.6	29.6	7.7	2.2
5.2	18.8	30.2	7.2	2.2
0	17.9	29.7	7.9	1.9
0	19.2	30.9	7.2	1.6
0	19.6	30.4	5.1	2.0
0	17	29.8	5	2.0
0	16.7	29.7	9.8	1.9
0	17.1	30.8	9.9	1.5
0	17.2	31.4	10.6	1.3
0	17.6	32	7.7	1.5
0	20.7	32.7	10	1.3
0	19.8	32.8	7.5	1.3
94.8	17.2	32.4	6.1	1.1
13.4	17.7	29.4	0	1.3
8.2	18.9	30.2	7.1	0.9
0	19.2	31.2	8.2	0.8
0.8	19.5	31.4	9.6	1.7
0	20	30	10.3	2.7
0	19.3	31.2	10.6	2.6
0	18.7	32.2	10.5	1.8
0	19.2	31.8	7	1.1
0	19.3	31.4	9.9	1.9
2	19.7	30.9	8.6	2.0
0.8	18.2	31.4	5.5	1.3
0	18	30.3	7.5	1.3
0	17.6	31.7	8.7	0.6
0	15.5	32.4	10.5	0.9
0	17.2	32.4	9.8	0.8
0	17.8	31.7	9.5	1.0
0	19.2	31.7	9.9	0.7
0	19.4	32.2	9.2	0.9
0	19.3	32.5	7.3	1.0
0	19.2	31.5	7.4	0.9
0.4	18.7	31.7	8.2	0.6
0	20.2	31.3	5.6	0.9
1.4	21.8	30.5	4.6	0.6
0	20.9	32.2	8	0.7
0	20.4	32.1	8.7	1.3
0	20.5	32.2	9	0.9
0	20.2	31.7	9.9	1.2
0	15.7	31.1	6	1.1
0	15.6	31.4	8.7	1.1
0	20.2	29.8	4.3	1.4
16.2	20.3	30.4	1.9	1.1
0	23.3	31.2	3.8	0.9
0	22.3	31.8	6.4	1.0
0	18.5	32.8	8.3	0.6
0	18.2	33.4	10.4	0.8
0	18.5	33.7	9.9	0.8
0	18.3	33.3	10.3	0.8
0	17.9	32.8	8.8	0.6
0	16.4	32.3	9	0.9
0	14.8	31.4	10.5	0.9
0	14.6	31	9.9	0.9
0	15.4	31.4	10	0.8
0	16.8	30.2	7.5	0.6
0	16.3	31.2	9.8	0.9
0	18.8	30.4	6.7	1.0
0	19.9	29.2	5.2	1.6
0	19.4	30.8	8.4	1.5
0	19.4	31.3	10.2	1.3
0	17.7	31.8	9.2	0.6
0	17.1	31.4	9.1	0.9
0	15.2	30.9	10	1.2
0	16.9	30	9.8	1.1
0	13.8	30	7.4	1.0
0	14.2	29.9	10	1.6
0	13.9	30.3	11	1.4
0	14	29.9	9.7	1.2
0	13.2	30	9.8	1.4
0	14.4	29.9	9.9	1.4
0	14.4	29.8	9.5	1.4
0	15.4	28.8	9.7	1.7
0	12.2	29	9.7	1.3
0	12.8	28.6	9.3	1.1
0	13.4	30.4	8.6	0.9
0	14.2	31	10.1	0.8
0	13.4	30	6.6	1.0
0	18.5	30.5	8.7	1.8
0	14.8	30.4	8.4	1.7
0	12.6	30.6	10.2	0.9
0	13.4	31	10	1.0
0	14.7	31.2	9.8	0.8
0	13.2	30.8	9.9	0.9
0	13.1	30.8	8.4	0.9
0.3	19	30.6	9.4	1.4
2.8	20	25	0.4	1.5
0	20.4	26.3	0.4	0.8
0	17.6	27.7	3.1	1.6
0	12	29.8	10.1	0.8
0	7.8	29.8	10.6	0.9
0	8.7	30.2	10.6	0.7
0	9.3	29.8	10.5	0.8
0	8.8	28.2	9.2	1.6
0	8.6	28.8	10.3	1.2
0	9	29.6	10.4	1.1
0	9.4	29.2	10.2	1.3
0	11.2	29.2	10.3	1.4
0	10.5	29.7	10.3	1.0
0	10	30.1	10.4	0.8
0	8.7	29.2	10.5	1.0
0	8.8	28.8	10.4	1.3
0	8.3	28.4	10.5	1.1
0	7.9	27.8	10.4	1.1
0	7.9	28.4	10.1	1.0
0	11.7	29.4	8.4	1.0
0	10.5	29.4	10.3	1.8
0	9.6	29.4	10.2	1.2
0	7.9	29.2	10.2	0.8
0	8.4	29.7	10.1	1.0
0	7.7	29.2	10.3	0.9
0	7.6	29.2	10.5	0.8
0	9.1	29.2	10.4	1.4
0	9.4	28.1	9.7	1.6
0	10.2	27.4	9.6	1.4
0	13	27.4	10	1.9
0	19.2	28	9.5	3.4
14.2	18.6	28.2	6.5	2.9
5.8	18.3	28.2	5	1.9
0	17.1	21.4	0	0.8
0	14.1	24.4	3.2	1.0
0	12.9	27.6	9.2	1.3
0	11	27.4	10.1	1.0
0	11.1	28	10.2	1.2
0	12	28.4	9.8	1.5
0	13	28.7	9.7	1.2
0	15.7	29.8	9.4	1.6
0	14.3	30.1	9.8	1.5
0	16.7	30.3	9.5	2.3
0	16	30	9.5	2.8
0	17	31	8.8	1.9
0	16	30.8	7.2	1.7
0	17.7	30.8	9.4	2.8
0	16	29.8	6.8	2.4
0	13.6	29.9	9.9	2.3
0	14.8	29.4	9.3	2.1
0	13.4	30.1	9.1	1.4
0	10.8	28.9	9.2	1.9
0	12.7	29.4	6.7	1.7
0	11.7	29.3	9	1.3
0	12.7	30.4	9.8	1.0
0	9	29.2	10.2	1.0
0	9.5	29	10.4	1.3
0	7.6	29.2	9.9	1.0
0	10.2	30.1	8.7	1.5
0	9.4	30.1	9.5	1.2
0	10.8	30.7	7.3	1.6
0	9.6	31.2	8.2	1.2
0	11.8	31.4	10.3	1.5
0	12.1	31.9	10.3	1.4
0	12.9	32.3	10.3	1.5
0	15.2	33.7	9.7	1.7
0	15	32.9	9.8	2.4
0	15.8	33.6	10.2	1.7
0	13.7	33.2	10.4	1.1
0	11.3	33.3	10.6	1.1
0	9.8	32.2	10.9	0.9
0	10.6	32.8	10.8	1.1
0	11.1	32.8	10.9	1.4
0	11.5	33.4	10.8	1.2
0	13.7	34.2	10.6	0.9
0	16	33	10.2	2.0
0	16.8	33.8	10.4	3.4
0	15.2	32	10	1.9
0	16.6	31.4	9.9	1.5
0	15.7	33.4	10.4	2.3
0	16	33.2	10.4	1.8
0	17.8	34.3	9.7	1.3
0	15.8	35	10.2	1.2
0	15.1	34	10.3	1.6
0	12.3	34	10.5	1.1
0	14.6	35.1	10.7	1.1
0	13.8	36.2	10.7	1.5
0	14.8	36.4	10.8	1.6
0	13.8	34.7	10.6	1.6
0	16.9	37.2	10.6	1.8
0	17.2	34.9	9.7	4.2
0	18.3	34.2	10.3	3.9
0	17.6	33.5	9.2	3.1
0	17.5	33.4	10.8	3.1
0	18.7	34.1	10.4	2.7
0	17.8	32.8	8.6	1.7
0	19.2	34.3	8.9	2.3
0	19	33.2	7.8	2.5
0	19.4	32.6	8.4	3.7
0.8	17.9	32.7	7.8	4.5
0	17.7	34	8.9	2.1
0	18.9	32.6	8.5	1.9
0.6	17.1	32.8	7.7	2.1
0	17.3	32.3	7.3	2.4
0	19	33.6	7.3	2.6
0	19	34.9	7.5	2.5
0	19.4	36.2	7	2.4
0	19.7	36	8.5	1.6
0	23.3	36.2	7.6	2.4
0	21.2	35.8	7.9	2.6
0	24	36.4	4.5	2.4
0.6	20.3	36.4	5.5	2.1
0	19.6	36.2	9.9	2.5
0	21	36.8	9.1	1.4
0	20.9	36.4	8.5	1.8
0	19	37.8	10.5	1.9
0	18	36.8	10.6	1.6
0	19.5	37.2	10.5	1.8
0	21.4	37.6	10.4	2.0
0	23.4	37.8	9.3	2.8
0	19.9	37.4	10.5	1.6
0	21.1	36.2	10.1	1.4
0	19.9	34	8	1.5
2.6	21.3	36.1	7.7	3.2
0	22.6	35.2	2.9	2.9
0	19.8	35.1	9.4	2.3
0	19.4	37.2	10.3	2.5
0	20.5	37	10.8	1.9
0	21.7	38.2	10.6	1.6
1	23.9	39	7.5	2.2
0	23.4	37.2	4.1	1.5
0	24.4	38.4	8.7	2.6
0	23.8	36.9	6.9	3.1
1	19.9	31.8	1.8	2.4
0	19	30.9	6.6	2.5
0	21.7	33	10.1	2.5
0	23.7	33.4	5.6	1.5
6.2	20.7	35.4	8	3.1
0	20.1	33.8	8.3	1.9
0	23.4	36.2	9.7	3.0
0	23.5	37.4	7.7	3.1
0	22.4	36.9	9	2.4
0	21.9	36.2	5.9	2.1
0	21.9	37.4	10.8	1.8
0	22.6	38.2	10.8	1.7
0	23.2	38.4	11	2.0
0	23.2	39.4	10.2	2.4
0	23.2	39.8	9.4	2.4
0	25.6	40.1	10.7	2.6
0	26.5	39.9	8.7	2.0
0	26.2	40.6	10.7	2.4
0	25.7	40.8	7.6	2.6
0	26.6	41	11	2.1
0	24.9	41.2	7.4	2.5
0	27.2	41	10.7	2.9
0	27.3	41	10.8	2.7
0	24.7	42.3	11.1	2.4
0	25.7	41.7	7.5	3.4
0	28.9	41.2	8.7	3.0
0	23.8	40.4	9.2	2.9
0	24.4	40.8	11.1	3.1
0	23.2	40.7	11.5	3.0
0	23.6	41.5	11	3.2
0	27.2	42.3	10.7	2.9
0	26.5	41.7	11.4	3.4
0	24.9	36.2	2	1.2
0	23.4	40.2	10.4	2.6
0	23.7	39.2	4.9	3.3
0	23.7	38.4	6.1	2.1
0	24.1	38.2	11.1	4.0
0	24.8	38.4	8.2	2.0
0	24.8	37.4	9	2.9
0	25.4	37.2	7.8	2.2
0	23.6	37.2	9	1.9
0	25.2	38.2	11.9	4.0
0	24.3	38.8	11.3	5.8
0	23.7	38.2	11.2	4.6
0	24.8	38.4	10.4	4.6
0	25.5	37.8	10.5	4.1
0	25.2	38	10.4	4.7
0	24.7	38.6	9.8	4.9
0	24.7	38	10.6	5.5
0	26.4	37.2	6.9	3.6
0	27.2	38.8	9.2	3.3
1	22.7	36.8	5.4	3.4
7	22.7	35.6	1.8	1.6
33.4	21.8	34.2	2.8	1.4
0.4	23.7	30.4	1.7	1.6
0.8	23.4	35.2	7.4	1.9
0	23.7	35.1	4.7	3.1
24.6	22.4	32.2	1.9	2.1
0	23.2	31.6	4.1	3.3
3.2	22.4	33.4	4.1	3.7
46.4	19.1	31.8	3.1	3.6
1	22.8	27.2	0	4.0
17.4	21	26.2	0	5.4
1.3	21.7	25.4	0	5.4
0	21.6	30.4	0.8	5.4
0	21.7	33.2	6	6.4
0	23.3	34.2	9.5	6.9
0	21.7	32.8	5.6	4.8
4.6	21.8	33.8	6.9	4.3
0	22	32.8	5.8	4.8
0	22.4	32.7	8.3	4.9
0	22.4	34.1	9.7	5.1
0	22.8	34.2	8.1	6.1
0	23.6	35.3	5.1	3.8
0	23	34.4	9.3	5.6
0	22.7	34.2	4.6	4.8
0	23	35	9.4	5.6
0.5	22.8	33	6.4	4.4
0	22.9	33.5	7.4	4.8
0	22.4	32.4	1.2	4.2
0	22.4	34	8.8	4.8
0.4	22.4	34.6	7.3	4.3
0	22.5	35.7	11	5.8
0	22.6	33.5	6.5	5.9
11.2	21.8	31.8	0.4	3.7
0	22.6	29.3	0	4.1
2.8	22.1	29.8	0	3.7
14	21.4	30.7	0.2	3.9
0.9	21.9	28.4	0.3	5.4
0	22.3	31.6	4.8	5.5
0	21.8	29.6	0	4.3
0	21.7	32.3	7.8	4.3
0	22.6	33	9.7	4.9
0	22.6	34	7.9	5.1
0	23.2	31	0.6	5.5
0	22.6	27.2	0	3.9
0	22.6	29.2	0	5.4
6.9	20.9	30	0.8	3.8
0	21.4	30.6	4.5	3.5
0	21.6	32.2	9.1	3.4
0	22.6	32.7	7.1	4.1
0	21.8	32.6	6.3	3.5
0.4	23.2	32.8	8.1	3.1
2	21.8	31.4	0.6	3.0
2.4	21.4	33.2	8.1	2.5
0	21.5	29.3	1.6	1.6
0	22.5	31.8	6.1	2.0
64.8	21.8	32.8	5.8	2.3
0	21.2	28.8	1.1	2.1
0	22.5	31.2	7.3	1.9
0	22.3	30.9	2.9	1.7
0	21.9	31.2	4.3	2.5
37.3	20.5	29.8	5.3	2.4
14.3	20.2	24.4	0	2.8
42.1	20.9	27.4	1.9	3.3
1.3	20.8	26.8	0.9	4.0
21.1	20	24	0	3.0
0.3	20.7	25.9	0	2.6
14.2	21.3	29.2	2.9	2.6
12.8	21	28.7	2.8	3.2
3.6	21.6	28.8	3.4	2.7
4.5	21.4	28.5	0.6	2.9
0	21.4	29.4	3.1	3.0
3.8	21.2	28.2	0.1	2.9
16.6	21.3	25.8	0	3.3
0.2	21.3	28.4	2.8	4.2
0	21	30	5.4	4.4
2.5	20.7	28.8	4.7	3.7
0	21.2	30.4	8.9	3.7
2.4	20.3	27.8	2.4	3.4
0	20.7	24.7	0	3.9
3.3	21.3	27.3	0.3	3.6
0	21	28.7	2.9	3.6
0.4	22.3	30	9.2	3.3
0.4	21.3	29.2	1.5	2.3
0	21.7	30.1	2	2.3
0	22.4	32.5	10.2	3.0
0	22.1	30.2	10	2.9
1.4	20.7	29.4	3.3	3.2
0	20.8	31.7	10	3.4
0	21	30.2	4.8	3.0
0.5	20.8	29.9	5.5	2.8
0	20.6	30.8	5.8	1.6
12	21.7	30.4	3.8	1.5
0	21.9	30.6	8.2	2.4
0	21.2	26.4	0.2	1.9
0	21.2	27	0.6	2.1
0	20.7	29.4	4.4	1.6
0	20.4	32	7.7	1.5
0	20.7	32.6	6.7	1.2
17.4	20.7	32.6	8.9	1.7
0	21.7	31.8	9.5	1.7
3	22	31.1	4.5	1.5
0	20.5	29.2	3.6	1.4
0	21.1	31.7	3.3	0.7
0	21.5	33.1	6.9	1.0
0	21.2	29.4	2.6	1.8
2.4	22.5	31.4	5.2	0.7
0	21.2	32	8.1	1.7
10.6	20.7	30.7	1.7	0.8
0	21.4	30.7	4.8	0.7
7.8	20.7	27.7	1.4	0.6
0.2	21.2	29.8	4.8	0.7
0	20.2	31.2	7.1	0.5
0	21	32.2	10	0.9
0	21.2	32.7	9.8	0.8
12	20.4	31.7	8.6	1.7
0	20.5	29.7	7	1.8
16.5	19.9	28.7	1.4	1.4
1.9	21	30.7	6.1	1.2
9.7	21.2	29.6	4.6	1.4
64.6	20.1	24.4	0	1.5
2	21.4	27.4	1.7	2.8
2.2	21.3	29.1	1.5	2.1
0	20.9	28.6	3.3	1.7
0	21.4	30.4	8.3	1.4
5.4	21.5	30.2	6.7	1.8
17.8	21.4	26	0	1.4
8	21.8	27.6	2	3.1
0.2	21.4	28.8	3.1	2.5
0	21	30.3	8.2	1.4
5.6	20.8	31.8	9.5	1.3
0	21	28.4	3.5	0.9
0	20.9	30	9.1	0.8
0.7	20.7	30.4	6.6	0.9
0	20.8	31.2	8.9	1.0
0	18.7	31	7.7	1.4
15.6	20	30.4	4.3	1.8
4.7	21.7	28.2	5.4	1.6
0	20.1	28.2	4.6	1.3
0	20.4	29.2	7.1	0.8
0	15.7	31.2	8.4	0.6
0	15.2	30	10.3	0.8
0	14.2	30.4	10.2	0.6
0	15.2	30.1	10.1	0.6
0	15.5	30.2	9.2	0.6
0	14.4	30.4	10.3	0.6
0	13.4	30.6	10.8	0.9
0	13.5	31.2	10.5	1.2
0	13.8	31.4	10.5	0.6
0	15	31.4	10.1	0.6
0	15	30.4	10.6	0.6
0	17.3	30.6	8.2	0.6
0	16.2	30.6	6.9	0.5
0	14.2	31	9.8	0.9
0	16.9	30.8	8.6	1.0
0	15.7	30.8	5.6	0.8
0	19.4	31	5.8	1.5
4.2	19.7	29.7	8.4	2.3
0	18.1	29.1	9.6	0.9
0	14.4	30.3	4.2	0.8
0	14.7	30	10.5	1.1
0	16	30.1	9.3	1.2
0	15.4	29.2	9.1	1.5
0	15.8	28.8	10.5	1.1
0	15.9	29.2	10.1	0.8
0	17.8	30.2	8.4	0.7
0	20.5	31	8.4	2.4
0	18.1	29.7	6.6	1.9
0	18	29.8	9	1.9
0	16.8	30.3	10	1.2
0	16	30.8	9.4	1.0
0	12.1	30.6	10	1.3
0	13.8	30	9.3	0.7
0	13.5	29.2	9.3	1.0
0	13.6	28.6	8.4	0.9
0	12	28.4	9.2	0.8
0	12.8	29	9.7	0.6
0	15.4	27.7	7.3	1.3
0	15.8	27.8	7.1	1.5
0	11.8	28.2	6.7	0.8
0	10.1	27.9	9.7	1.2
0	13.1	28	7.5	1.0
0	9	29.4	10.2	0.8
0	7.7	29.2	10.3	0.8
0	8.3	30	10.3	0.7
0	9.3	30	10.4	0.8
0	9.6	29.8	10.2	0.5
0	9.6	29.2	10.3	0.9
0	10	28.9	10.2	1.2
0	10.2	29	10.3	0.6
0	10.4	29.8	10.3	1.2
0	11	30.2	10.3	1.1
0	10.7	30	10.2	1.2
0	12.1	30.4	9.9	0.7
0	12.2	29.4	9.7	0.8
0	12.5	28.4	8.7	1.4
0	10.7	28.2	8.2	0.9
0	10.2	28.7	9.7	0.9
0	10.7	28.8	10	1.4
0	8.9	29.2	8.9	1.3
0	8.5	27.3	7.4	0.9
0	12	28.2	6.8	1.6
0	9.4	26.9	4.9	1.4
0	11.5	27.8	9.9	1.0
0	10.2	27.8	9.7	0.8
0	9.8	28.4	9.8	0.8
0	13.4	28.4	9.9	1.3
0	13.7	28.6	8.1	1.7
0	11.8	28.4	8.5	1.4
0	12.4	27.7	8.3	1.4
0	12.8	27	5.4	1.2
0	13.9	26	1.5	0.9
0	9.4	26.4	6.8	1.4
0	8.7	26.8	9.5	1.3
0	6.2	26.4	9.8	1.2
0	8.2	25.6	10	1.3
0	12.2	25.8	9.5	1.8
0	17.4	25.6	5.2	3.1
0	15.4	26.6	5.3	3.3
22.4	15	25.8	6.2	2.9
0	11.7	24.8	5.3	2.3
0	13.6	26.8	9.1	1.8
0	10.4	28.3	10	1.2
0	9.5	26.9	10.3	1.0
0	8.8	28	10.5	0.6
0	9.6	28.2	10.3	1.2
0	10.6	29	10.4	0.9
0	11.2	30.7	10.4	1.3
0	11.2	31.3	10.4	1.4
0	14.4	29.9	10.5	2.5
0	16.1	29.9	10.4	2.3
0	15.9	29.2	10.1	2.4
0	16.7	31.4	9.1	1.5
0	19.4	30.1	8.3	2.7
0	17.9	31.4	9.4	2.0
0	16.6	33.2	9.6	1.0
0	12.9	32.7	10.1	1.1
0	9.8	29	9.4	1.8
0	10.5	32.2	10.4	1.0
0	11.8	31.6	10	1.3
0	11.8	28.2	7.3	0.9
0	16.7	30.2	8.5	1.0
0	17.9	28.2	7.1	3.1
0	17	29	8.2	2.7
0	15.2	28.9	7.1	1.5
0	15.4	29	6.7	1.7
0	14.8	29	10	2.1
0	15.7	29.2	10.1	2.8
0	14.8	30.2	10.1	3.1
0	17.7	31.3	9.8	2.9
0.6	18.7	32	9.7	3.4
4.2	16.3	30.2	9.5	3.8
0	14.5	30	10	2.4
0	17.8	29.2	10.1	5.0
0	16.3	30.2	9.5	3.8
0	14.5	30	10	2.4
0	14.4	31.8	9.8	2.1
0	15.4	31.8	10.1	1.9
0	14.8	32.8	10.4	1.1
0	15.4	33.2	9.9	1.5
0	13.7	32.8	9.8	2.2
0	13.4	32.8	10.5	2.7
0	16	32.2	10.2	1.4
0	16.3	32.4	9.8	1.7
0	15.6	34.1	10	2.1
0	17.6	33.8	10.3	2.5
0	14.6	34.4	10.7	2.1
0	14.2	34.4	10.6	2.4
0	14.4	34.6	10.5	2.4
0	15.5	33.7	10.5	1.5
0	15.7	34.4	10.4	1.6
0	17.5	35	10.2	2.1
0	18.2	35.2	10.3	2.3
0	16.6	35.7	8.4	1.7
0	15.9	34.8	10.2	1.2
0	17	35.4	10.1	1.1
0	19.7	35.2	9.4	1.8
0	17.8	35.8	7.3	2.3
0	20	36.2	8.3	3.7
0	21.1	34.9	6.3	2.6
0	20	33.8	6.9	2.9
0	19.2	34.8	7.1	1.1
0	16.4	36.3	10.2	1.2
0	16.6	37.1	10.1	1.6
0	18.8	35.8	9.9	2.3
0	17.9	34.9	9.9	2.7
0	17.2	33.4	10.1	1.5
0	19.7	35.4	9.2	1.0
0	18.7	35.2	8.9	1.8
0	17.8	35.2	10.1	2.0
0	17.4	35.2	10.1	1.7
0	17.2	35.8	9.7	1.8
0	21	36.4	8.8	1.7
0	17.6	36.4	9.8	1.1
0	17.9	37.2	10.6	1.4
0	17.7	38.2	10.3	1.6
0	19.7	38.4	10.4	1.5
0	21.7	38.2	9.2	1.9
0	20.7	38.4	9.9	3.0
0	22.5	38.2	10.2	2.3
0	21.3	38.6	10.3	2.6
9	20.9	35.9	9.5	3.2
0	20.9	35.8	7.8	2.3
0	23.3	36.9	8.8	2.3
0	21.4	37.8	10.4	1.8
0	21.7	39.2	10.3	2.0
0	22.7	39	10.1	3.3
0	22.5	37	6.1	2.5
11.4	20.9	37.6	7.3	1.7
0	20.2	35.6	10.3	1.6
0	20.4	36.2	10	2.2
0	20.6	36.4	6.8	0.9
0	21.5	37.3	8.4	1.6
0	22.2	37.2	8.6	1.6
0.4	21	37.4	10.3	2.3
0	20.2	38.7	9.9	1.9
0	21.8	38.4	10.4	2.3
0	22	38.6	11.1	2.5
0	23.4	39.4	9.3	1.9
0	23.4	39.8	9.7	2.0
0	26	39.9	9.8	2.4
0	23.7	39.8	9.7	2.8
0	24.7	39.8	10.6	1.5
0	22.7	38.4	7.7	1.3
0	22.6	38.4	5.9	2.2
0	26.4	39.9	10.7	2.3
0	26.5	39.6	8.9	2.5
0	25.7	39.2	10	2.9
0	23.2	39	7.2	1.4
0	24.8	40.6	11	2.3
0	24	40.8	10.5	2.6
0	25	40.9	10.4	2.7
0	24.7	41.8	9.6	3.1
0	23.2	40.1	9.9	3.1
0	22.3	40	10.3	3.1
0	23.8	39.3	10.2	3.6
0	23.8	39.2	8.9	2.5
0	25.8	40.6	10.1	2.9
0	24.2	40.2	7.5	2.9
0	26.3	37.7	3.2	1.8
0	26.2	40.2	10.5	3.7
0	27.5	40.7	10.6	4.2
0	28.1	41.4	10.5	5.1
0	26.3	40.4	10.5	5.1
0	26.4	40	10.7	4.0
0	27.6	40.4	10.7	4.8
0.5	22.7	40.6	8.1	3.9
0	25.2	32.8	1.1	2.5
0	22.5	38.8	7.3	4.2
1.5	21.6	35.8	4.7	5.3
0	24.2	37.4	7.2	5.3
0	24	38.8	10.4	5.5
0	24.4	39.3	11.4	4.4
0	24.8	39.3	11.6	3.6
0	25	38.8	10.8	2.8
0	26.6	39.8	10.1	2.6
0	25.1	40.6	7.9	3.2
0	24.4	36.8	4.8	3.4
0	25.4	38.6	4.8	3.9
0	26.2	39	11.4	4.2
0	26.4	39.2	10.8	3.6
0	25.2	39.4	11.4	2.5
4.8	20.7	39.2	9.3	2.8
0	23.4	36.2	6.2	2.4
13.2	20.4	38	9.4	2.7
0	23.6	35.8	9.2	1.8
0	22.5	36.6	10	2.6
0	23.6	34.2	5.3	2.4
7.4	20.6	34.4	7.6	2.3
0	21.9	34.6	5.2	2.7
0	22.2	36.6	3.2	2.5
0	24.2	37.8	7	3.6
4.6	21.6	35.8	10.3	2.8
0	22.5	32.9	0.3	1.9
0	23.9	35.2	1.4	1.6
0	24.4	37.5	8.9	1.7
0	23	37.4	6.3	2.2
0	22.6	30.3	6	3.1
0	22.3	35.6	8.8	4.3
0	22.8	35.2	10.8	5.1
0	23.2	34.9	1.5	5.6
19.8	21.1	36.7	4.8	4.6
7.2	20.9	33.1	2.9	4.6
9	21.1	29.4	2.6	4.1
12.3	21.6	29	1.1	4.1
0	21.3	30.2	2.9	4.3
1.8	22.4	33.1	5.8	5.7
13.6	20.6	28.4	0	5.2
0.4	20.4	25.8	0.5	5.9
0	21.3	28.8	1.2	5.4
0	21.6	33.1	8.5	5.2
0	21.6	33.4	7.5	4.3
0	22.6	35.9	10.9	4.5
0	23.6	35.9	8.2	4.6
0	22	32.8	5.3	4.3
0	22.3	34	6.1	4.5
0	22.3	32.7	7.9	4.7
0	22	34.3	8.5	5.1
0	22.8	33.1	6.9	4.7
0	22.7	35.2	10	4.6
0	22.4	35.2	10.6	5.2
1.6	21.5	34	8.7	4.1
0	23.4	35.2	8.2	3.8
0	23.2	35.1	6.9	4.4
4.6	21.7	33	5.4	2.6
0.2	23.6	35.2	7.9	4.0
0	22.2	34.5	7.5	4.2
4.4	20.9	35.4	8.1	4.2
0	22.6	33.8	5.8	4.7
21.3	19.8	31.4	0.3	4.0
11.2	20.5	27	0	4.3
0.1	21.3	26	0	4.3
21.8	20	28.9	1.3	3.4
0	20.7	31.7	9.3	2.9
0	21.2	31.7	5.8	3.8
17	20.9	32	7.3	4.0
0.6	20.7	31.4	4.8	4.0
5.6	19.8	29.7	2	4.4
3.6	19.7	31	9.3	4.1
0	20.9	30.8	9.7	3.8
20.8	19.8	29.8	5.1	2.5
0	21.9	30.1	5.8	2.2
0	22.4	31.7	6.9	2.6
0	22.5	32	8.8	2.3
0	21.6	28.4	0	2.1
0	21.6	31.3	4.5	1.7
15.5	21.6	31.8	4.5	1.3
9.7	20.9	30.4	4.1	1.6
1	21	29.8	5	2.9
14.1	20.2	27.4	0	3.9
3.8	20.1	29	1.9	4.1
6.6	19.8	26.6	0.3	4.7
39.2	19.4	23.6	0	4.0
17.8	19.8	23.9	0	3.7
2.3	20.2	26.6	0	4.2
19.5	20.2	28.9	1.9	4.5
0.7	20.6	27.4	0.6	4.6
0	21.2	27.4	0.8	4.9
0	20.9	28.6	1.6	4.6
0	19.8	28.8	4.5	4.1
0	20.6	28.8	3.8	3.8
0	20.4	30.8	7.9	4.6
9.2	19.7	30.2	6.4	4.3
0	20.6	29.6	8	4.0
0.4	20.6	27.7	0.5	2.7
0	20.7	30.4	6.3	3.0
5.8	19.2	29.2	1	3.1
41.2	18.9	22.2	0	4.2
0	19.2	24.2	0	3.3
0	18.6	28.4	9	2.5
0	20.6	30.2	11	1.7
0	19.8	30.2	8	1.7
0	21.6	30.6	10	2.5
0	21	30.3	10.5	2.8
0.3	20.7	31.3	9.2	2.8
13	20.2	26	0.2	2.3
7.2	20.5	24.6	0	3.2
0	20.8	28.2	2.4	2.5
0.8	20	29.6	4.9	2.5
5.8	20	29.4	7.7	3.1
9.4	20.6	27.8	4	3.1
7.3	20.4	29.6	5.2	2.4
0	19.7	29.8	9	3.0
0	19	29.8	8.5	2.9
0	17.4	30	9.4	2.6
0	19.4	30.2	9.3	2.7
0	21.2	30.7	9.7	2.3
0	19.8	31.4	7.1	2.0
0	19.3	31.4	9.8	1.1
0	19.8	31.2	9.9	1.1
0	19.2	32.4	9.7	0.8
0	20.7	32	4.3	1.2
0	20.4	28.2	1.4	1.4
30.6	19.8	31.4	8.9	1.7
1.4	19.7	31.2	6.1	0.9
0	20.3	31.6	10.1	1.1
0	20.3	32.2	9.5	1.0
0	20.3	32.8	9.4	1.0
0	21.2	33.2	9.9	1.4
8	20.7	32.4	7.7	1.7
0	20.7	30.2	4	1.5
0	18.8	32.2	9.7	1.4
0	19.4	32.8	8	0.5
0	19.2	33.2	10	0.6
0	16.5	33.4	9.9	0.7
0	17.4	33.7	9.9	0.6
0	19.8	33.2	9.4	1.5
0	18.5	33.8	9.6	1.3
0	19.2	35.2	9.3	0.6
0	19.2	35.3	10	0.7
0	17.4	35.4	10.3	1.3
0	18.3	34.2	10.2	1.4
1.3	20.6	33.2	10	1.4
0	20.4	33.2	9.5	1.9
0	21	32.4	10.1	1.9
0.4	21	31.7	3.9	2.2
17.9	19.6	30.2	2.8	1.1
6.8	20.4	29.8	3.7	1.1
12.8	20.8	28.4	2.4	0.5
4.8	21.1	27.2	0.3	1.2
43	18.8	27.8	3.2	3.0
13	20.4	28.8	0.3	2.4
0	20.8	29.2	4.8	1.4
0	16.2	30.2	9.3	1.5
0	16.8	31.4	9.9	0.7
0	16.4	31.8	9.3	0.4
0	15.4	32.2	9.8	0.7
0	15.8	32.2	10	0.8
0	14.1	32	9.8	1.0
0	15.4	31.2	9.8	0.7
0	17.6	30.4	9.7	1.3
0	16.4	29	1.4	1.4
0	13.8	28.6	3.9	0.6
0	11.6	30.3	10.3	0.8
0	12.7	30.1	9.1	0.9
0	11.7	29.8	9.6	1.4
0	12.7	30.4	9.2	1.6
0	16.2	29.8	7.6	1.6
0	12.5	24.9	0.3	1.5
0	12.2	30	10.1	1.3
0	10.3	30.4	10.5	1.2
0	11.2	30	10.3	1.3
0	12.4	29.8	10.1	1.5
0	13.4	30.2	10.1	1.3
0	16.2	29.7	7.4	1.1
0	18.5	28.8	4.8	1.3
0	14.8	30.2	4.7	0.6
0	15.3	30.4	9.9	0.6
0	13.6	27.8	3.7	1.1
0	14.7	30.7	7.2	0.9
0	13.4	30	7.4	1.1
0	12.2	30.3	9.6	1.2
0	10.2	29.8	10.2	1.0
0	9	29.2	9.2	1.3
0	8.9	28.8	10	1.2
0	8.8	28.8	10.5	1.3
0	10.4	29.6	10.5	1.1
0	9.1	28.8	10.3	1.7
0	9.7	29	9.2	1.0
0	12.5	29.2	9.6	0.6
0	10.2	29.8	10.2	0.9
0	9.2	31.2	10.1	0.9
0	9.7	31.9	10.4	0.5
0	11	31.7	10.2	1.0
0	9.7	31.2	10	0.9
0	9	30.2	10.3	1.0
0	10.7	31.2	10.2	0.9
0	11.5	30.8	9.6	0.9
0	11.2	29.8	9.9	1.1
0	11.3	29	9.5	1.1
0	11.4	29.4	9.4	1.0
0	11.2	29	9.7	1.5
0	12.9	29	10.1	1.6
0	10.4	29.4	7.1	1.3
0	10.1	29.6	7.8	1.3
0	9.8	30.5	9.3	1.3
0	11.7	29.9	7.7	1.2
0	10.7	30.4	9.1	1.0
0	10.4	28.8	9	1.4
0	11	29.2	7.4	1.2
0	9.7	30.6	10	0.9
0	10.2	30.7	10	1.2
0	7.3	30.3	9.8	0.9
0	9.9	31.4	8.7	0.8
0	9.9	31.2	9.5	0.7
0	10.9	31.7	10.1	0.8
0	10.2	31.6	10.2	0.8
0	11.4	31.2	9.8	1.2
0	10.7	30.6	9.6	1.2
0	12.3	30	8.8	1.9
0	12.5	30.7	9.6	1.4
0	11.3	29.9	8.2	0.8
0	11.8	29.8	8.2	0.8
0	9.5	30	9.5	0.9
0	10.7	29.4	9.9	1.1
0	13.5	30.2	9.6	1.4
0	14.5	28.2	3.4	2.7
0	11.6	28.6	5.1	1.8
0	10.2	27.6	10	0.9
0	19	28.2	8.1	3.0
0	15.3	26.9	4.1	3.3
0	11.7	28.7	4.8	1.6
0	11.7	29.4	9.1	1.3
0	11.6	28.6	7.9	1.4
0	10.3	29.3	9.6	0.9
0	12.1	28.3	8.8	1.6
0	12.3	27.4	7.1	1.8
0	11.7	27.8	8.7	1.9
0	12.9	28.9	8.1	1.4
0	12	27.4	3.5	1.3
0	13.7	28.7	5.3	0.9
0	11.8	28.4	7.1	1.3
0	10.7	27	6.2	1.0
0	5	26.4	6.5	0.7
0	7	26.9	10	1.3
0	9.2	28.2	10.1	1.5
0	9.5	28.5	10.2	1.7
0	10.1	29.6	10.1	1.8
0	11.3	31.3	10.2	2.1
0	12.2	31.8	9.9	1.1
0	13.3	33.5	9.7	1.3
0	12.8	33.3	9.4	0.9
0	17.2	33.2	9.3	1.1
0	14.2	31.2	8.8	1.6
0	13.7	31.6	9.7	1.7
0	12.2	32.4	10.3	2.8
0	12.1	32	10.2	1.0
0	12	32.8	10.2	0.7
0	12.6	33.2	10.3	1.1
0	17.7	32.9	10	2.8
0	15.7	31.7	8.9	2.8
0	14	30.8	10.5	3.7
0	18.2	30.2	9.9	3.1
0	18	29.8	8.5	2.5
0	12.4	30.4	9	1.7
0	17.3	31.8	8.8	1.5
0	15.6	31.7	7	2.6
0	17.9	31.1	7.2	3.2
0	17.2	30.7	9.5	4.1
0	17.4	32.7	9.2	3.3
0	17.3	34	10.3	2.5
0	15.5	35.4	10.3	1.8
0	18.4	34.4	8.7	2.4
0	19.9	32.7	8.9	3.5
0	18.5	33.2	8.5	3.4
0.4	19.7	33.8	8.7	2.9
0	16.4	33	8.2	3.3
0	18.2	34.2	10.5	1.4
0	16	32.8	8.2	0.8
0	14.3	33.8	10.1	1.1
0	18.4	34	10.1	1.6
0	17.2	33.2	8.2	2.1
0	15.7	33.2	8.4	1.8
0	16.5	35	9.8	1.3
0	17.8	34.4	8.6	1.1
0	18.8	34.4	8.9	2.5
0	18	34.9	9.5	2.2
0	19.4	35.9	10.2	2.0
0	21	35.8	8.3	2.0
0	21.8	36.1	6.7	1.4
0	16.8	35.4	9.1	1.5
0	13.8	33.7	9	0.9
0	13.3	34.6	9.8	1.0
0	13.9	34.6	8.8	1.1
0	17.2	34	9.5	1.8
0	19.7	33.8	9	2.9
0	16.4	34.4	8.5	2.8
0	19.4	36.2	9	3.8
0	20.2	35.7	8.9	3.5
5.4	20.2	35.2	7.6	3.4
0	18.6	33.3	3.8	1.5
5.4	19.2	32.1	5.2	2.7
0	18.2	30.4	8.9	3.2
0	19.7	34.2	7.3	3.5
0	20.6	33.4	7.6	3.9
0	18.8	34.4	7.3	3.4
0	18.9	34.4	7.2	1.5
0	18.9	34.8	8.6	2.1
0	19	35.1	10.4	2.0
0	20.2	35.8	9.2	1.7
0	22.4	37.2	9.9	2.1
0	23.2	37.8	9	2.6
0	19.4	36	7.8	4.0
0	20.5	37.8	9.5	2.2
0	18.4	36.8	6.6	2.6
0	19.4	37.4	9.8	1.3
0	19.8	38.2	9.7	1.4
0	15.7	38	10	1.7
0	16.1	39.2	10.3	1.2
0	22.6	38.8	9.1	2.1
0	21.8	38.8	9.6	2.0
0	19.1	38.2	9.4	2.4
0	22.6	38	9.1	2.2
0.4	21.4	37.6	7.4	4.3
0	20.5	35.1	9.4	2.5
0	20.4	37.2	7.9	1.3
0	22	36.5	7.4	2.5
0	19.9	35.7	10.2	3.0
0	23.6	36.2	10.5	2.3
27.4	17	32	4.5	1.8
0	19.9	37.6	10.7	1.9
0	20.9	38	9.5	1.6
0	23.8	39	10.6	1.9
0	25.4	39.6	9.6	1.9
0	25	39	10.8	2.3
0	23.4	37.8	1.5	1.8
0	22.4	39.2	10.3	2.3
0	23.4	38.8	10.6	1.6
0	21.6	37.8	6.4	1.7
0	22.4	39.2	7.8	1.6
0	23.3	40.3	9	1.6
0	21.5	38.8	9	2.3
0	20.9	40.4	10.7	2.6
0	20.2	39	11	2.8
0	20.8	38.3	11	3.2
0	23	37.8	11.1	3.8
0	23	37.8	11.1	3.8
0	22.3	37.3	10.4	3.5
0	22.6	38.8	10	2.9
0	24.5	40.3	11	3.0
0	25.1	40.3	9.1	1.8
0	22.6	40.6	11.1	2.1
0	22	39.9	11.1	2.2
0	21.3	40.2	11	2.4
0	22.2	39.9	10.8	1.8
0	24.2	40.2	10.7	1.8
0	24.6	39.9	8.9	2.1
0	22.3	39.8	8	1.9
0	21.8	40	6	1.4
0	22.7	38.8	4.3	1.6
0	22.3	40.4	1.4	1.9
0	24.2	39.4	1.3	1.9
0	23.5	41.8	7.3	2.2
0	23.3	42.5	9.3	2.0
0	23.3	42.7	8.4	2.5
0	25.2	41.6	11.1	4.1
0	22.7	41.2	11.2	3.8
0	21.5	41.3	11.6	2.8
0	21.4	41.8	11.5	2.7
0	25.6	42.3	11.6	3.7
0	22.1	40.8	11.8	2.9
0	23.8	41.4	11.7	2.5
0	22.2	42	11.6	2.6
0	24.8	41.8	11.8	2.4
0	22.8	40.8	11.5	3.9
0	24.4	40.7	11.3	3.0
0	24	41.1	11	2.8
0	27.4	42.2	9.9	3.1
0	26.6	41.5	10	3.9
0	26.7	42.8	10	3.1
0	25.2	42	8.4	2.3
0	28	41.6	7.6	4.1
0	26.6	42.7	9.5	4.2
0	26.2	41.7	10.7	4.6
0	25.7	40.4	10.5	5.1
0	27	39	8.4	4.4
0	25.1	39.6	8.8	3.9
0	25.2	39.4	7	3.3
2.6	21.8	38.2	3.6	3.1
12.4	19.5	37.7	5.4	2.7
0.2	22.4	35.8	7.3	2.7
0.2	21.9	36.2	6.6	3.2
2.2	21.7	35.3	6	2.9
0	21.7	32.8	3.8	4.1
0	21.4	34.9	8.9	4.3
0	22.9	35.4	10	4.1
0	22.2	36	7.5	5.5
0	22.2	36.2	9.9	6.5
0	22.2	36.7	8.5	5.2
1	21	34.6	3.5	5.4
0	21.6	34.4	6.1	4.9
3.5	20	31.2	0.8	2.4
2.2	19.6	29.8	0	3.1
13.6	19.6	30.2	0.4	2.9
0	21.3	32.8	8	3.2
0.3	21.5	34.4	8.9	4.5
0.8	21.4	31.8	0	4.2
0	21.4	33.2	1.9	4.7
0	21.7	33.2	4	4.9
0	21.5	31.8	1.5	3.3
0	22	33.7	6	3.7
0	20.6	33.2	5.5	4.2
0	21.9	30.1	0.2	4.0
50	18.9	31.4	0.3	3.1
4.6	19.8	26.6	0.1	3.5
3	20	31.7	5.4	3.9
8.8	20.6	32.8	1.3	3.0
43.6	19.1	30.6	2.3	4.1
5.6	20.2	27.8	0	3.2
0	20.9	31.4	2.2	2.9
0	21.4	32.7	8.1	2.6
0	22.2	33.4	8.3	2.9
60	19.8	32.7	3.9	3.1
0.4	20.5	26.5	0	3.3
0.2	20.9	29	2.4	3.5
23.8	19.4	31.7	3.5	3.1
8.7	20	30	1	2.9
1.8	20.3	27.7	0.8	3.6
0.2	21.4	28.4	2.2	3.0
5	19.9	31.4	1.8	3.2
16.2	19	28.4	0	2.9
48	19.8	30	2.5	2.9
0.8	20.4	28	0	3.9
6.6	20.4	29	1.7	4.6
1	20.4	27.2	0	5.5
0.2	20.7	29	0.1	4.2
0	20	31.4	10.3	3.5
0	21.2	32.2	10.6	2.3
0	21.2	31	5.2	2.4
1.2	19.6	31.6	5.3	2.3
17.5	18.1	29.1	2	2.6
0	20.2	26.4	0	1.5
0	19.4	30	2.8	3.1
19	19.5	29.8	1.6	3.1
9.8	19.5	28.2	1.9	3.2
121.6	19.2	27.6	0.4	3.1
6.2	19.7	26.8	3.1	3.0
0.6	20.6	26.2	0.9	1.5
0	21	29.4	5	2.6
3.4	20.6	29.2	3.5	1.9
0	20.7	28.2	0	1.6
0	21.3	30.6	8.5	2.4
7.5	19.9	29.9	3.6	3.0
0	19.6	30	6.8	3.2
0.5	20.1	29.5	5.7	2.4
1.4	19.6	31.2	8.9	1.9
0	20.7	31	10.4	1.8
6.2	19.4	30.6	8.4	2.2
11.2	19.1	29.6	5.3	2.1
29.9	18.6	26.9	0.1	2.4
32.1	19	25.2	0	1.9
77.3	19.2	24.4	0	3.3
7.6	18.9	24.6	0.2	3.3
0	18.7	29.7	7.7	2.1
0	18.9	29.8	8.5	2.5
0	19.2	29.6	8.9	2.6
1.2	19.5	28.8	5	3.4
0.1	19.9	26.4	0	3.2
1.4	19.8	27.9	0.4	2.8
0	19.4	30	7.2	2.8
0	20.2	30.6	10.3	2.3
0	19.1	29.7	6.3	2.7
0	19.3	30.7	5.6	1.9
0.2	19.7	30.2	3.1	2.7
8.9	19.3	31	9	3.3
1.2	20.4	29.8	6.6	3.2
0	20.4	30.2	5.8	2.8
0.3	19	30	5.4	2.5
0	20	30.6	9.6	2.8
0	18	31.2	10	2.9
0	19.3	31.7	9.4	3.0
0	20.4	31.7	8.6	2.8
0.3	19.7	28.4	0.5	1.8
0	18.9	28	1.9	1.7
0	19.7	30.4	6.4	2.4
0	19.7	31.2	8	2.6
0	20.2	31.2	8.9	1.6
0.5	19.7	30.7	6	1.9
9.7	19.2	31	4.1	1.3
0	20.2	30	3.3	1.6
0.8	21.4	30.2	5.8	1.8
8.4	20.2	28.4	0	1.2
9.2	19.3	31.6	7.7	2.8
1.4	19.4	30.2	4.3	2.2
0	20.1	27.2	1.7	1.8
34.9	20	29.2	2.1	1.3
2	19.9	29.7	2.4	0.6
16.2	19.1	29.4	7.6	2.0
0	18.7	28.8	4.2	1.7
11.3	19.1	30.7	3.2	0.7
0	20	31.4	7.5	1.2
1.6	18.7	32.4	8.4	0.8
8.4	19.7	31	7.7	0.5
3.9	19.1	31.3	7.7	0.9
0	19.2	30.2	9.1	0.7
0.6	20.3	30	8.4	1.3
17.3	20	29.7	7.2	2.6
13.6	19.5	27.9	3.6	2.3
1.2	20.2	29.2	4.7	1.4
0	18.9	29.8	4.8	1.5
0	17.8	30.8	8.5	0.9
0	15.7	31.4	10.4	0.6
0	16	32.4	9.6	0.9
0	19.3	31.8	7.3	0.6
0	16.9	31.7	6.8	0.6
0	15	30.2	10.7	0.7
0	17.8	30.6	9.1	0.6
0	20	30.7	9.5	0.4
0	20.7	31.2	8.1	1.0
1.4	21.6	31.4	7.8	0.6
0	22.4	30.8	2.9	1.3
34	20.4	27.7	0.5	0.8
3.4	22.2	27	1.7	0.4
3.6	21.4	27.4	0.6	1.2
0	15.7	28.1	6.5	1.7
0	14.3	28.8	10.2	1.3
0	14.5	28.8	10.3	1.0
0	16	29	10.2	0.8
6.6	21.2	29	7.3	0.6
3	21	26.2	1.1	1.6
0	19.5	29.7	8	2.0
0	19.8	31.1	8.8	1.3
0	19.4	30.8	10.2	1.3
0	18.1	30.1	10.1	1.4
0	19.1	30.4	9.3	1.1
0	16.2	29.6	8.9	1.1
0	14.8	29.6	10.2	1.6
0	14.8	29.7	8.9	0.7
0	15.3	29.4	9.1	0.8
0	16.7	29.6	8.6	1.2
0	15.5	29.2	9.4	1.6
0	15.3	29.4	9.1	0.8
0	15.1	28.7	9.2	0.9
0	14	28.2	7.9	1.0
0	15.3	27.8	7.6	1.2
0	15.7	28.2	6	1.0
0	16.8	29.7	7.9	0.9
0	14.6	29.4	8.6	0.9
0	14.1	29.6	10.2	1.2
0	12.3	28.7	9.9	1.8
0	12.7	29	9.9	1.0
0	12.2	28.6	10.1	1.4
0	12.3	28.5	9.2	1.4
0	13.2	28.3	8.5	1.1
0	14.1	28.7	9.7	1.4
0	12.7	28.6	9.3	1.1
0	10.5	28.3	9.8	1.1
0	10.6	29	9.5	1.0
0	13.2	29.2	9.8	1.0
0	12.9	28.7	9.5	1.5
0	16	28.5	9	1.6
0	14.6	28.2	8.1	1.6
0	12.3	28.4	7.6	1.2
0	11.8	28.8	9.4	1.1
0	10.7	29.4	10.1	1.1
0	10.3	27.8	10.1	1.0
0	10.1	28.4	10.2	1.2
0	10	29	9.1	0.8
0	10.6	29.6	10.2	0.5
0	10.2	28.4	10.4	0.8
0	10.7	28.7	10.1	1.1
0	12.7	29.2	10	1.3
0	12.6	28	9.9	1.6
0	10.4	27.4	8.3	1.9
0	10.5	28	9.9	0.8
0	11	28.2	8.6	0.9
0	15.5	28.7	5.1	1.5
0	13.4	28.8	6	1.8
0	10.3	27.4	8.5	0.8
0	11.1	27.6	10.2	0.5
0	10.4	28.2	10.2	1.1
0	10.4	28	10.2	1.3
0	9.7	27	10.2	1.2
0	9.8	25.3	10	1.4
0	15.2	27.8	9.7	0.8
0	19.3	26.9	4.9	1.3
0	18.8	24.8	1.1	2.1
0	18.7	24.1	4.1	4.5
0	18.4	23.2	1.2	2.7
0	15.7	27.1	7	1.4
0	12.4	27.7	7	1.6
0	11.2	28	9.6	0.9
0	12.2	28.7	9.4	0.9
0	12.3	28.8	9.6	1.2
0	12	27.4	8	1.5
0	11.8	27.3	7.9	1.8
0	14.8	26.2	8.5	2.3
0	16.6	26.7	9.2	3.1
0	15.6	26.7	7.9	2.7
0	13	25.9	6.8	2.0
0	10	27	9.6	1.5
0	8.4	26.6	9.7	1.5
0	9.8	27	10.1	1.1
0	9.5	27.2	10	0.9
0	10.5	28.4	10	1.0
0	11.4	29.2	10	0.9
0	12.1	30.9	10.1	0.7
0	13.4	30.4	10.1	1.4
0	12.4	29.6	10.4	1.5
0	13.6	31.4	10.6	1.3
0	14.7	30.8	10.3	1.6
0	13.5	30.6	10.1	1.8
0	15.6	28.9	10.5	3.4
0	18.6	29.2	10.5	3.3
0	17.8	28.8	10.3	3.3
4	18.7	30.2	8.5	1.8
1.6	19.3	28.7	5.7	1.4
32.6	18.8	28	5	1.4
0	18.5	30.9	8.7	1.7
0	19.1	26.9	5.9	2.1
0	19.5	27.6	7.1	3.7
11.8	18.9	26.8	3.8	2.6
5.6	19.7	28.2	7.6	1.9
0	16.3	29.8	8	1.3
0	18.5	28.2	5.5	1.2
0	18.2	26.2	3	1.8
0	14.2	25.8	3.8	0.5
0	18.3	28.7	7.4	1.9
0	16.6	30.8	6.8	1.8
0	9.3	28	10.6	1.1
0	9.8	26.7	10.9	0.9
0	10.2	28.2	10.8	1.0
0	13.7	28.4	10.5	1.3
0	13.6	29.3	10.6	2.0
0	15.3	29.8	10.4	2.3
0	17.4	29.1	10.6	2.9
0	15.4	28.4	10	2.8
0	13.3	28.5	10.8	2.6
0	14.2	30.4	10.4	1.8
0	13.4	30.8	10.3	0.8
0	14.4	31.2	10.5	1.3
0	14.8	30.7	10.5	1.3
0	15.8	33.2	10.3	1.5
0	16.6	33.2	10.5	1.2
0	15.7	33.4	10.8	1.1
0	14.7	33	10.8	1.3
0	15.9	34.1	10.5	1.3
0	15.8	34.6	10.7	1.1
0	16	34.3	10.2	1.3
0	16.7	34.9	10.7	1.5
0	17.7	34.9	10.6	2.3
0	17.7	34.2	10.4	2.5
0	18.4	35.8	10.5	1.8
0	17.7	35.2	10.2	1.2
0	18.3	35.8	10.2	1.1
0	17.3	36	10.2	1.1
0	16.7	35.4	10.3	1.9
0	17.7	36.6	10.2	2.3
0	17.4	38	10.1	1.4
0	15.2	35.2	9.2	1.1
0	17.1	32.6	10	3.6
0	19.5	31.8	9.9	3.1
0	17.3	33.7	9.6	1.8
0	18.3	35	9.8	1.9
0	18.6	34.7	9.6	1.9
0	18.4	35.6	10.1	1.3
0	19	36.2	10.2	1.8
0	19.2	37.4	10.1	1.3
0	19.3	37.2	9.7	1.3
0	18.7	38.5	10	1.1
0	17.4	38.7	9.9	0.9
0	17.4	39	9.6	1.2
0	19	38.6	9.7	1.1
0	20.4	38.6	9.4	1.2
0	21.6	39.3	9.3	1.6
0	23.6	39.2	9.1	1.7
0	24.8	38	7.6	1.5
0	22.6	38	6.7	1.8
0	22.8	37	8.1	2.9
0	19.4	34.8	9	2.1
0	20.5	35.8	9.8	2.8
0	23.5	37.2	10.2	2.3
4	21.4	34.8	7.2	3.2
0	24.7	35.4	7.6	2.0
2.2	21.5	35.4	5.3	3.2
0	23.1	36.2	6.4	1.3
0	24.2	36	7.6	2.2
22.6	17.6	36	5.7	3.3
0	23.5	36	9	1.8
0	23.5	35.5	7.6	2.6
0	21.4	36.7	10.2	2.1
0	19.8	36.8	10.3	1.8
0	20.9	37.2	10.2	1.6
0	23	38.4	10.3	1.8
0	23	38.4	10.1	1.8
0	24.4	39	10.9	1.3
0	27.2	40.2	9.8	1.8
0	24.5	39.9	11.1	2.0
0	24.5	40	11.1	2.1
0	22.7	39.4	11.5	2.3
0	22.8	40.5	11.2	2.0
0	22.7	38.7	11.5	2.4
0	23.4	39	11.1	1.4
0	24	39	10.1	1.3
0	23.9	39	8.8	2.1
6.2	23.2	38	5.8	2.3
0	22.4	36.4	4.1	2.3
0.2	22	36.5	10.3	4.8
1.8	24.1	34.2	8.7	2.7
0	23.8	37.4	10.1	2.2
0	24.1	39.4	10.6	2.4
0	22.4	39.8	10.6	2.7
0	24.1	36.4	10.1	2.2
0	25.2	36.7	9.2	2.9
0	25	37.4	9	2.2
0	25.8	38	9.9	3.0
0	25.5	35	9.2	4.1
0	23.3	32.8	2.6	4.4
0	24.8	32.8	3.6	4.3
0	24.3	33.2	2.7	6.1
0.8	24	33.6	8.7	5.9
0	23.6	33.4	9.7	4.7
0	24.2	37	11.6	3.4
0	25.6	38.4	11.1	1.9
0	24	39	11.5	2.7
19	21	37.2	9.9	2.6
0	23.4	36.2	10.5	3.9
0	26.2	35.8	5.3	2.7
6.2	23	36.7	7.1	3.1
0.4	23.4	33.2	1.2	1.8
33.4	22	33.8	3.7	3.2
0	23.2	32.8	2.7	4.5
0	23.8	34.4	5.8	4.8
0	23.9	35.2	9.8	4.5
0	24	36.3	11.6	3.8
0	24.5	37.2	11.4	3.5
0	25.2	38	11.2	3.2
0	24.9	37.6	10.9	2.4
0	26.3	38.7	10.7	2.4
0	24	38.4	9.3	2.5
19.2	17.6	33.7	1.2	2.1
0	22.3	30.8	4.3	1.2
0	25	36.8	8.9	1.8
1.4	22.5	36.3	6.1	1.5
0	26.1	37	10.5	1.3
0	25.4	38.2	10.4	1.9
0	25	36.8	7.4	2.0
9	22.4	37.4	8.5	2.7
2.4	23.3	29.7	0.6	1.1
3.6	21.8	36.6	10.5	3.1
0	23.2	33	2.7	1.2
0	22.9	35.2	7.6	2.1
4.2	22.7	34.9	9.1	2.1
0	24.2	34.4	10.7	3.6
0	23.8	34.6	10.1	3.8
0.5	24	34	8.1	4.0
0	24.2	30.4	0	4.6
0	23.4	29.8	0	6.3
0	23.5	32	0	6.3
0	24.4	33.4	4.4	7.1
0	23.2	31.6	0.5	5.9
6.2	22.6	31.6	5.4	6.2
0	23	32.2	4.5	6.8
0	23.4	33.2	3.1	6.4
0	22.8	33.8	6.2	6.1
0	23.5	34.8	9.5	5.4
0	23.4	34.8	10.3	4.9
0	23.8	35.2	10.7	4.8
0	23.4	34.8	10.6	4.2
1.8	22.1	35.7	10	3.6
0	23.4	33.6	5.8	3.3
0	23.7	35.2	8.4	4.0
0	23.3	33.7	8.4	3.3
2	23.2	32	2.2	3.0
0	23.2	32	0.1	2.8
63.4	21.7	33.7	3.2	3.5
3.2	22.6	30.1	4.3	2.6
6.3	22.4	31.4	5	2.6
0	23.1	31.8	5.2	2.9
0	23.2	32.8	9.4	4.0
0	24	34.2	8.8	2.4
0	24.2	33.7	5.3	1.8
0	24.4	33.1	7.2	1.8
12	22.4	33.7	7.7	2.3
0	22.8	30	0.9	1.7
4.2	21.2	32.4	7.1	2.6
53	19.7	30.4	2.6	2.4
0.3	22.3	27.8	0.2	3.3
0.1	23.1	28.4	0.1	2.4
9.5	22	29.7	0	2.1
0	22.7	29.2	0.3	1.8
0	23.3	32.2	10	2.6
0	23.7	33.3	10.8	2.4
0	24	31.4	6.6	2.1
0	23.4	32.9	8.5	2.9
0	24.8	33.9	9.3	3.2
3.5	22	28.6	0.6	2.4
5.4	21.7	31.4	4	2.9
6.1	22	26.7	0.1	2.4
53	21.3	27.2	0	2.6
30.1	20.9	26.6	0.1	3.3
7.3	21.1	25.6	0	3.1
18.5	21	26.2	0	3.5
29.5	20.7	22.4	0	3.5
0	22.1	27.8	1.6	4.4
2.2	22.1	29.7	6.4	4.3
5.2	21.8	29.7	5.6	4.5
7.2	22.1	28.4	2.2	5.3
5.2	21.8	24.4	0	4.0
2.4	21.9	26.8	0	5.1
1	22.7	28.4	1.7	4.7
0	21.8	30.2	5.3	4.1
0	22	30.2	3.7	4.0
0	21.9	29.7	3.8	3.9
6	21.6	29.5	4.6	4.1
0	22	31	7.1	3.8
0	22.4	29.8	2.3	5.1
1.8	22.2	29.4	3.3	4.1
4.6	21.6	30	4.7	3.4
2.4	21.7	30.2	8.1	3.6
1	21.2	30.4	3.4	3.4
0	21.2	30.6	10.2	2.8
0	21.4	31.2	10.2	3.0
0	22.1	31.8	10.9	2.8
0	22.4	29.2	2.1	3.6
0	22.7	29.9	2.8	3.5
1	21.7	29.2	1.6	3.8
0	21.9	27.7	0.2	3.8
0	22.2	31.7	9.8	3.4
0	21.3	31.3	7.3	2.6
0	22.2	30.3	5.6	2.2
0	22.7	31	6.4	2.3
0	20.4	30.4	7.9	2.2
0	21.8	30.7	8.5	1.9
0	20.4	30.6	8.3	1.5
0	21.7	30.8	9.2	1.8
0	20.7	31	9.9	2.0
0	20.8	31	9.1	1.7
0	20.8	31.8	9.8	1.3
0	23.6	32.7	8.1	1.5
37.6	21.2	30.4	2.1	1.1
10.6	20.4	27.7	0.8	1.4
1.3	21.3	24.2	0	0.6
11.4	21.6	30	2.8	0.8
0	22.8	29.6	3.5	1.9
37	20.4	30.4	3.5	2.3
61	21.2	26.3	0.1	2.3
0	20.2	28.2	1.5	2.2
0	20.1	30	10.1	1.4
0	21.7	30.2	8.7	1.1
0	22.3	31.4	9.3	1.4
0.4	21	30.8	8	1.5
0	21.1	31.1	9.3	1.5
0	23.7	31.2	9.1	1.4
0	21.8	32	8.6	1.6
0	21.6	32.2	6.6	2.2
0	21.5	31.4	4.6	1.3
6	21.4	31.6	4.2	0.9
0	22.6	29.2	4.7	2.3
3.8	21.6	31	7.4	1.5
0	21.7	31	10.1	2.5
0	22.2	29.4	5.9	3.0
0	21.7	31.6	8.9	1.9
0	21	31.4	9.1	1.3
0	22.7	32	10.1	1.7
0	21.6	32.2	9	2.1
0	21	32.6	9.9	1.0
2.8	20.6	33	8.6	1.0
3.8	20.7	28.8	1.1	1.1
12.8	21.6	29.8	1.5	1.3
16.4	21.6	27.8	0.5	1.4
2.1	22.2	30.6	5.5	1.9
0	21.2	30	4.6	1.6
0	21.3	30.4	6.5	1.2
0	22	31.6	5.4	1.3
11.4	21.3	32	7	1.1
0	20.3	31.4	6.2	0.7
0	20.7	31.8	6.2	0.9
0	21.2	32.1	5.6	0.6
0	21.6	31.7	8.2	0.6
14.7	19.6	29	3.5	0.5
0	15.8	30.2	8.5	0.5
0	14.5	29.4	10.5	0.6
0	14.4	29.4	10.1	0.6
0	15	29.9	10.5	0.7
0	14.9	29.3	10.6	0.6
0	15.2	29	10.7	0.6
0	18.8	30	6.7	0.6
0	20	30.4	9.4	1.5
0	19.4	30.4	5.8	1.2
1.4	21.3	29.4	6.4	1.7
0	18.1	29.4	5.6	0.9
0	17.7	29.2	7.9	1.0
0	20.3	29	5.2	1.5
0	17.9	29.6	7.1	2.0
0	19.8	28	3.2	2.1
0	20.6	28.2	2.8	2.8
0	21.1	29	5.1	2.9
0	18.8	28.7	4.3	2.4
0	17	30	7.1	2.1
0	11.8	29.8	10	1.3
0	11.2	28.4	9.1	1.5
0	17.8	28.7	10.8	1.5
0	18.8	25.7	0	1.2
0	19.1	29.2	7.4	2.2
0	20.1	29.6	4.9	2.4
0	20.4	30.4	5.4	0.8
0	18.4	31	6.6	1.5
0	18.8	30	10.3	2.2
0	16.8	31.4	10	1.5
0	17	30.7	8.2	1.7
0	16.7	31	9.5	1.5
0	18.1	31.8	9.4	1.0
0	18.4	31.3	4.3	0.6
0	16.3	29.8	5.2	1.4
0	15.5	30.7	10	1.1
0	13	30.9	10.3	1.1
0	12.3	30.4	10.3	1.2
0	10	29.5	10.4	1.1
0	11.4	28.8	10.3	1.6
0	10.4	29.4	10.3	1.6
0	12.2	29.8	10.1	1.7
0	12.1	28.8	10	1.8
0	13.3	29.6	10	1.7
0	10.8	29.8	10.3	1.4
0	12.6	29.2	10.4	1.6
0	11.3	28.8	10.3	1.4
0	9.7	28	10.3	1.0
0	10.8	28.2	10	1.3
0	11	28.4	10	1.1
0	9.7	27.8	10.2	0.5
0	8.2	28.2	10.3	0.6
0	9	29.4	10.2	0.3
0	10.3	29.2	10.1	0.3
0	11	29	9.9	0.8
0	10.8	28.8	9.9	0.6
0	9.6	29.8	10.1	0.1
0	11.6	29.4	10.1	0.4
0	11.8	28	9.4	0.7
0	11.4	27.7	9.6	0.8
0	11.6	28.2	9.6	0.5
0	11.5	29.4	9.3	0.1
0	10.3	30	9.9	0.3
0	10.3	30.8	10.2	0.3
0	9.8	30.1	10	0.5
0	8.9	29.2	10.3	0.3
0	10	30.2	10.2	0.4
0	11.4	31.6	10.1	0.8
0	13.8	31.4	10	0.8
0	14.3	31.3	9.6	1.1
0	13.2	30.3	9.4	0.6
0	12.6	29.4	9.8	1.3
0	12.8	29	9.2	1.2
0	12.9	28.7	8.9	1.1
0	13.7	27.7	9.5	2.0
0	13.4	27.6	8.8	1.3
0	11.4	28.4	9.8	1.7
0	11.6	29.3	9.8	1.0
0	16.2	30	10.1	2.2
0	19.2	30.4	9.7	2.7
0	19.6	28.2	5.3	2.3
0	12.9	28.6	3.9	1.7
0	13	29.7	10.1	1.3
0	14.1	30.4	9.8	1.2
0	13.8	30	9.7	1.5
0	13.8	30.2	9.6	1.9
0	14.1	30.5	9.5	0.8
0	14	30.4	9.6	0.7
0	13.6	31	9.7	1.5
0	10.1	29.8	10.1	0.9
0	9.2	29.4	10.3	0.6
0	10.6	30.2	10.3	0.5
0	12	29.8	10.2	0.9
0	14.1	29.2	10.2	1.6
0	16.1	29.4	10.2	2.7
0	13.8	30.4	9.3	1.3
0	11.8	29	9.4	1.1
0	14.5	30.2	9.5	1.7
0	16.5	30.2	9.7	1.9
0	16.4	29.3	9.4	2.3
0	19.9	30	8.3	3.0
0	20.2	31.4	8.6	2.8
0	20.1	29.2	5.2	1.8
0	17.9	31.7	7.5	2.3
2	19.1	31	8.2	2.5
0	19.4	30.3	5.2	2.6
1	18	29.9	2.4	2.0
1.1	18.9	28.9	8.3	3.7
0	20.4	29	6.6	4.2
28.9	13.8	24.9	2.6	2.2
0	12.2	25.6	7.8	0.9
0	13.1	28	10.7	1.1
0	18	29.2	10.2	1.7
0	15.8	29	7.6	1.4
0	17.5	30.2	9.1	1.4
0	17.8	31.4	8.4	2.2
0	14.5	32.6	10.4	2.4
0	13.1	31	10.7	2.5
0	12.5	31.8	10.8	1.9
0	16	31.8	10.5	2.0
0	15.4	32.2	10.6	1.2
0	14	33	10.6	1.4
0	15	34.1	10.6	1.0
0	14	35	10.7	1.1
0	14.2	37	10.7	1.2
0	14.8	35.8	10.7	1.2
0	15.1	36.9	10.8	1.5
0	15.4	35.9	10.8	1.1
0	15.9	34.8	10.2	1.3
0	16.4	34.8	10.5	2.8
0	16.8	34.1	10.8	3.4
0	20.4	33	10	1.9
0	19.1	33.7	9	1.6
0	20	33.4	8.5	1.2
0	18.9	34.2	10	1.3
0	21.1	34.8	9.2	1.2
0	18.9	34.9	10	1.4
0	17	34.8	8.8	2.1
0	17	34.9	10.4	2.7
0	15	35.7	10.9	2.2
0	15.3	35.3	10.6	2.2
0	17	36	10.8	2.6
0	17.6	35.7	10.8	2.4
0	19.7	36.3	10.3	3.0
0	21.2	35.4	9.7	3.1
2.2	20.8	33	9.3	2.3
47.4	17.4	32.4	9.7	3.0
7.4	17.1	31	7	1.8
0	19	32.8	9.7	1.0
0	16.4	33.7	10.9	1.0
0	14.4	33.4	11	1.1
0	16	33.4	11.1	0.9
0	16.7	35.1	11	1.1
0	18.3	35.2	10.5	1.3
0	19.9	35.4	10.5	1.5
0	19.8	35.4	10.4	1.6
0	19.4	35.8	10.4	1.9
0	19.7	36.8	10.2	1.5
0	21.5	37.6	10	1.4
0	20.4	36.8	9	1.4
0	19.6	36.4	10.2	1.9
0	13.7	33.8	11.1	1.5
0	15.1	35.6	11	1.3
0	15.8	36.6	11	1.0
0	19	37.8	10.8	1.1
0	20.6	38.2	10.4	1.2
0	20.3	37.4	9.6	1.1
0	21.4	37.3	9.6	1.2
0	23.2	36.8	8.7	1.7
0	24.5	35.3	6.6	2.4
0	23.1	35.3	9.1	2.1
0	19.7	35	7.7	1.8
0	22.1	37.2	10.2	1.9
0	21.3	34.2	9.9	2.7
0	20.4	34.6	10.6	3.2
0	22.3	35.9	10	2.2
7.4	22.8	37.2	8.5	1.5
0	20.5	37	9	1.5
0	23.7	37.2	7.3	1.5
1.4	22.3	36	8	1.6
0	25.2	35.8	9.6	2.4
0	22.5	36.4	5.9	2.9
0	23.4	35.7	0.7	1.5
0.9	22.9	37	7.1	1.5
12.6	21.3	35.8	7.1	1.9
0	22.5	36.3	7	1.0
0	23.6	37.4	8.1	2.3
0	24.4	37.8	7.4	2.5
0	22	35.2	10.2	2.6
0	22.2	36.7	10.4	1.2
0	23.2	38.3	9.6	1.7
0	23.5	38.1	8.6	1.4
0	23.4	35.4	2.3	1.4
8.8	20.5	35.8	8.9	2.5
0	22.2	35.2	10.9	1.3
0	24.6	37.4	10.3	1.6
0	22.6	38.3	11	1.9
0	24	39.2	9.8	2.4
0	23.7	37.8	10.1	2.9
0	23	39.3	10.3	3.7
0	22.8	36.7	8.6	3.1
0	23.4	33.2	3.4	1.7
0	24.1	36	9.6	1.7
0	23.4	33.4	4.1	1.3
0	24.7	37	8.1	1.7
0	26	40.1	11.2	2.0
0	28.8	40.1	0	2.9
0	24.4	39.3	1.4	2.3
0	25.2	40	11.2	2.3
0	24.4	39.8	11	1.7
0	24	40.6	10.5	1.6
0	20.7	40.3	11.6	2.0
0	21	40.8	11.2	2.2
0	23.5	41.4	11.3	1.8
0	25.2	42.7	11	2.1
0	26.3	42.7	11	2.2
0	27	42.4	10.9	1.8
0	26.2	42	11.2	2.1
0	25.6	40	9.4	2.9
0	26.4	41	7.1	2.9
0	26.8	40.9	9.6	2.9
0.3	26.2	41.6	6.8	1.7
0	28.2	42.5	10.4	1.9
0	25.9	37.5	0.7	2.1
0	27.9	40.1	6.7	2.1
0	26.5	39.9	9.1	3.1
0.2	23.2	40.1	9.2	2.6
0	25.2	38.3	8.7	3.0
0	25	36.2	4.5	1.5
2.8	23.2	38.7	8.1	2.2
0	26.5	37.8	9.4	3.0
0	25.1	39.4	9.2	2.2
0	27.4	40.2	9	2.1
0.5	26.4	40.1	9.5	1.7
0	26.6	38.6	3.1	2.1
7.3	24.6	39.4	7.7	3.1
0	25.5	39.9	8	2.6
0	26.4	40	10.2	2.9
0	25.2	39.6	6.6	3.0
2.2	22.8	36.2	3.6	3.6
0	26	38.5	10	3.8
0	27.7	37.3	9.2	3.2
7.2	21.8	39.8	9	4.0
0	25	37.6	5.9	2.1
4.8	22.2	38.4	8.4	3.4
0	23.8	35.6	7.2	1.6
0	25.5	37.2	9.5	2.8
0	24.2	36.8	8.7	4.7
0	24.6	36	10	4.6
0	24.6	37.6	11.7	4.4
0	25.2	35.6	7.6	4.4
0	24.8	33.4	0.5	3.9
0	25.2	35.4	2.2	5.0
0.8	24.4	33.6	2.6	4.1
4	24	35.5	4.5	4.7
0.6	22.8	31.2	0.1	5.1
7.6	22.2	32	1.5	5.2
18.4	21.6	29	0.2	4.5
7.4	22.4	31.5	1.9	5.0
0	23.8	32.5	4.1	5.1
1.5	23.6	33.8	6.7	5.7
0.2	23.5	32.8	4.2	5.9
14.6	22	32.8	6	5.1
0	23.4	31.6	2.8	5.2
0	23.2	32.5	6.4	5.9
0.8	23.8	33.5	7.5	5.1
50.4	22	32	0	3.9
45.1	21.8	26.6	0	3.1
74	20.6	22.8	0	4.7
10	20.8	26.2	0	2.6
0	22.4	27.8	0.5	2.3
1.4	22.4	30.5	5.4	2.4
20.2	23.2	30.8	5.4	1.8
0	23.8	29.6	2.3	1.7
10.8	22.4	32.2	4.7	2.2
3.4	23.4	29.5	2.4	1.4
0	24.2	31.8	9.8	1.8
81.2	22.8	32.4	6.9	1.6
9.3	22.5	30.8	8	1.8
0	22.6	31.2	8.6	2.2
16.4	21.6	29.9	5.3	2.8
32.4	21.2	28.6	0.8	2.9
53.8	20.1	25.8	0	2.3
6.8	21.7	25	0	3.9
25.2	22	23.8	0	3.4
0	22.6	25.5	0	4.7
1	22.8	27.2	1.1	5.3
0	22.5	29.2	2.5	4.8
0	22.4	29.5	1.6	3.7
1.4	23	28.4	1.4	3.9
0.8	23	28.8	0.5	5.2
5.6	22.5	28.6	2.4	4.9
4.6	22.8	30	3.6	4.6
0	22.8	29.4	1.4	4.8
0.2	22.6	29.4	1.4	4.8
2.2	22.4	25.4	0	4.3
1.4	22	28.8	1.3	3.8
0	22.4	29.2	1.7	3.6
6.2	22.4	29	2	3.4
11.6	21.8	29.8	4.4	2.4
0	21.6	30.1	7.3	2.4
1.3	22.2	29.1	5.9	3.2
13.3	20.5	30.4	7.2	2.8
2.4	22	29.2	3.1	2.8
0.1	22.4	29.4	5.6	2.8
30.4	21.5	27.8	0	1.9
26.1	21.4	27	0.3	2.5
0.6	22.4	30	7.3	2.9
0	22.4	29.8	6.1	3.4
5	21.8	26.4	0	2.9
0	21.8	26	0	3.0
0.5	21.9	28.8	6.7	2.4
0	21.5	29	8.7	1.7
0	21.8	28.8	8.6	1.8
0	21.8	29	2.1	1.6
0	21.7	29.6	7	1.8
0.1	20.8	28.4	4.3	1.6
0	22.5	30	9.2	1.6
0	22.1	31.4	4.8	1.1
0.3	22.6	32.8	10.3	1.1
0	22.6	31.8	8.4	1.1
0	22.2	32.3	6.4	1.1
3.9	22.7	32.9	9	1.5
38	21.6	31.2	3.8	1.3
1.4	23.1	29.7	3.6	1.3
0	23.9	31.1	7.3	1.8
16.5	22.3	31.4	10.1	2.1
15.8	21.6	31.4	5.4	1.3
9.1	22.3	30.6	6.6	1.1
0	23.2	29.9	3.9	1.6
0	23.2	30.1	2.9	1.3
2.5	21.8	29.1	1.3	2.7
0	22.7	28.4	1.6	3.1
5.3	22.1	27.2	0.3	3.5
0	22.4	27.1	0	3.8
0	21	28.1	0.4	3.1
0	21.4	29.2	4.6	2.6
0	20.9	29.2	7.5	3.0
0	20.8	30.8	8.8	3.1
0.1	21.9	29.8	5.9	4.2
44.6	20.6	24.4	0	4.1
35.1	21.1	24.3	0	4.9
9.2	21.9	27.6	4.6	3.9
0.1	22.4	27.8	1.4	3.1
1.8	21.4	29.2	3.6	2.5
17.8	21.8	29.8	8.2	2.1
15	21.2	29.6	6.4	1.6
0	20.2	29.4	4.6	1.1
0	20.8	29.3	10.1	1.9
0	20.2	29	9.7	1.0
0	21.8	30.4	8	0.9
0	20.6	30.6	9.1	1.2
1.8	21.5	31	6.9	1.0
0	20.4	31.4	7.1	1.1
0	22.8	31.9	9.1	1.0
0	21.9	31.9	7.8	0.9
0	19.5	31.7	9.6	1.0
0	22	32.2	9.4	0.9
0	19.1	31.5	9.6	1.1
0	17.4	31.9	9.6	1.0
0	17.8	31.9	10.2	0.9
0	20.2	31.7	8	1.0
0	20.9	30.7	5	1.4
7	21.7	29	4.4	1.4
23.2	21.2	27.7	0	1.5
68.2	21.7	23.9	1	3.7
8.1	22.7	27.3	0.9	2.9
0	22.3	27.8	0.5	1.6
0	21.7	30.2	7.6	1.2
0.1	21.6	28.8	3	1.1
0	19.9	29.4	6.5	1.3
0	20	29.9	7.6	0.9
0	18.8	29.4	9.2	1.4
0	15.4	29	9	1.1
0	19.9	28.9	9.1	0.8
0.3	22.4	28.8	3.7	1.2
17.3	21.3	29.2	5.3	1.4
0	19.5	29.5	4.2	0.9
0	20.8	28.6	5.4	2.5
79.2	20.7	26.8	0	2.3
11.8	20.2	22.8	0	2.6
0.2	20	24.8	0	0.6
0	22.6	28.2	0	0.6
0	16.9	27.8	0	0.5
0	17.7	28.9	0	0.5
0	14.4	28.9	10.4	0.6
0	15.4	28.9	10.1	0.6
0	18.2	29.8	7.7	0.7
0	18.2	28.8	4.5	0.9
0	12.1	27.7	9.3	0.8
0	11.4	27.3	9.8	0.8
0	10.4	27.7	9.8	0.7
0	8.8	27.8	10.3	0.7
0	10.2	28.3	10.6	0.7
0	10.2	28.6	10	0.8
0	9.4	28.4	10.4	0.7
0	10.7	28.3	9.5	0.9
0	10.2	28.4	10.2	0.7
0	10.6	28.8	10.3	0.8
0	11.2	29.2	10.1	0.8
0	9.7	28.9	10.2	0.9
0	9.9	28.7	8.1	1.0
0	11.6	28.9	9.7	0.8
0	12.2	28.5	7.5	0.9
0	13	29.7	9.7	1.7
0	15.3	28.8	9.3	1.0
0	17.3	28.2	8.9	1.8
0	11.5	27.3	2.5	1.5
0	14.5	27.7	8.2	1.5
0	12.8	28.7	6.9	1.1
0	12.6	27.8	9.3	1.1
0	10.1	28.4	9	0.7
0	12.4	29.2	9.8	0.6
0	13	29.4	9.8	1.1
0	14.4	28.9	6.5	1.8
0	19.7	28.8	1.5	1.5
0	19.5	28.3	5.2	1.8
0	14.9	28.9	9.3	1.3
0	10.8	29	10.7	1.0
0	8.5	28.4	10.8	0.8
0	8.4	28.2	10	0.6
0	10	28.5	9.9	0.8
0	12.1	28.6	9.9	0.8
0	11.9	27.8	7.6	0.7
0	11.1	28.8	9.4	0.8
0	8.6	28.4	10.1	0.8
0	8	28	10	0.9
0	8.8	28.3	10.1	0.6
0	6.7	26.7	10.5	0.9
0	10.4	27.8	9.5	0.9
0	10.8	28.1	10.1	0.7
0	13.8	28.8	9.6	0.6
0	15.8	28.8	8.2	1.8
0	17.4	29.3	6.5	1.5
3.1	16.5	27.8	6.7	0.9
0	15.4	28.2	5.8	1.2
0	12.3	26.8	6	0.9
0	8.8	25.8	8.8	0.8
0	6.8	25.2	10.4	0.8
0	6.7	26.6	9.6	1.0
0	8.3	26.7	9.9	1.0
0	8.4	27.3	9.7	1.1
0	8.9	27.2	9.8	1.5
0	10.2	27	10.2	1.8
0	10.6	26.1	9.4	1.5
0	10.3	26.3	9.3	1.3
0	8.2	27.4	9.9	0.9
0	9.1	27.7	9.8	1.1
0	11.6	26.8	9.9	1.4
0	11	27.7	7.1	1.7
0	12.5	26.8	9.2	1.5
0	14.3	29.4	9.2	1.1
0	12.8	29.3	8.7	1.2
0	12.8	29.4	9.2	0.7
0	12	28.9	9.9	0.6
0	13	29.8	9.2	1.1
0	14	30	9	1.3
0	11.8	30.2	9.1	1.2
0	12.2	29.8	9.8	1.9
0	12.4	30.9	10.3	1.3
0	14.2	31.7	10.4	1.2
0	13.4	32.3	10.4	0.8
0	14.3	32.2	10.1	0.8
0	13.4	32.5	10.3	0.8
0	13.8	32.5	10.5	1.1
0	13.8	32.7	10.4	1.3
0	10	29.8	10.4	1.5
0	9.6	26.8	10.4	1.4
0	6.7	25.8	10.5	1.0
0	9.4	27.4	10.5	0.7
0	7.4	27.7	10.3	0.8
0	8.8	28.4	10.7	0.9
0	10.2	29.5	10.6	1.1
0	11.7	29.6	10.4	1.6
0	10.8	29.8	10.1	1.6
0	12.5	30.5	9.6	1.4
0	12.8	31.5	10.5	1.7
0	13	30.8	10	1.7
0	11.5	30.8	10	1.0
0	10	31.5	10.3	0.8
0	10	30.6	10.8	0.8
0	13	30.3	10.7	1.6
0	14.2	29.7	10.2	1.9
0	11.6	29.9	10	1.7
0	12.2	29.8	10.6	1.4
0	12.8	30.4	10.6	1.9
0	12.2	30	10.4	1.4
0	12.2	31.4	10.5	1.4
0	14.9	32.8	10.3	1.0
0	14.7	33.1	10.5	1.0
0	14.5	33.4	10.3	1.1
0	14.5	34.8	10.3	1.2
0	14.7	34.8	10.6	0.9
0	15.4	34.8	10.4	0.9
0	14.7	35.2	10.8	1.4
0	15.6	34.6	10.6	1.4
0	16.2	35.4	10.7	1.1
0	15.5	35.4	10.7	1.7
0	16.6	34.8	10.5	2.1
0	18.6	34.8	10.5	1.8
0	15.4	35	10.6	2.0
0	15.6	34.2	10.5	2.0
0	17.4	34.8	10.5	2.4
0	21.6	34.4	10.7	3.1
0	20.8	34.6	10.2	3.4
21.4	20.4	32.8	9	3.4
0.2	21.5	31.7	9.6	2.0
0	19.4	31.8	9.4	2.6
1	21	33	8.1	2.9
9.5	18.8	33.5	7.3	3.1
0	19.8	32.8	10	3.2
11.5	17.6	32	9.4	3.4
1.1	18.2	25.4	2.3	2.6
0	13.6	29.5	9.3	1.8
0	16.4	29.8	10.7	1.1
0	19.8	30.8	9.6	2.2
0	19.2	32.2	9.7	2.6
0	18.8	33.4	9.6	2.1
0	17.4	33.6	10.9	2.1
0	21.6	32.8	8.8	1.5
0	21.9	33	9.3	2.1
0	18.4	32.2	9	1.9
0	19	34.4	10.1	1.3
0	20.8	35.3	10.5	1.4
0	16.6	35.7	9.1	1.4
0	15.8	34.9	10.6	1.3
0	16.8	35.8	10.7	1.2
0	19.4	37.5	10.5	1.8
0	21.2	36.6	9.6	1.5
0	21	36.4	8	1.2
0	19.2	36.4	8.1	1.3
0	21	35	7.8	2.0
0	19.4	35.8	10	2.1
0	21.8	36.4	9.7	1.5
0	24.4	37	9.1	1.6
2.9	22.4	37.4	6.7	2.0
0	21.3	36	10	1.5
0	21.5	37.5	9.5	1.3
0	21.2	38	9.7	1.3
0	21.5	38.5	10	1.5
0	21.7	39.4	9.8	1.6
0	22.4	39.4	10.5	1.5
0	24.4	38.8	10.6	1.9
0	23.7	38.2	8	2.2
0	21.8	37.8	8.4	1.8
33.6	19	38.2	9	2.1
0	22.8	36.6	6.9	1.3
0	20	35.8	9.9	2.1
0	22.8	36	11.1	2.5
89.6	20	32.6	2.5	2.9
1.8	20	29.4	7.6	1.6
0	20.4	32	10.3	1.6
0	21.4	32.8	7.7	1.0
0	21.4	34.4	10.8	1.8
0	21.4	34.7	10.4	1.7
0	21.6	35.5	10.8	1.4
0	22.2	37	10.1	1.4
0	24	36.6	10.5	1.6
0	23.4	37.4	9.9	1.3
0	22.6	37	10	1.1
0	21.4	38.2	11.2	1.8
0	21	38	11.2	1.5
0	21.8	38.2	8.1	1.6
0	23	38.3	7.6	1.9
0	24.2	39.4	10.4	2.2
0	25	36.4	7.9	2.7
0	22	35.6	7.8	2.5
0	23	37	10.5	1.8
0	22.4	36.8	9.6	2.1
0	22.6	38.4	11	1.6
0	24.8	39	9.9	1.7
4.6	22	39.8	9	2.7
0	26	39.6	10.5	1.6
0	21	39.7	8	1.8
0	22.2	39.6	11.1	1.7
0	22.4	39.6	11.3	1.7
0	26.2	39.6	11.3	1.6
0	25.6	39.8	11.2	2.1
0	23.4	40	11.1	1.8
0	25.5	40.2	10.9	2.3
0.3	24.5	40	10	2.6
0	23	38.4	10.3	2.7
0	23.6	34.7	4.1	1.9
0	25.2	36.6	10.2	2.2
0	23.5	37.2	11.1	2.3
0	25	37.4	10.8	2.4
0.5	23.2	37	10	3.6
2	22.8	35.6	6.2	3.4
15	22	34.8	5.4	3.3
6.4	21.4	32.7	4.6	3.2
0	23.6	31.5	2.8	1.8
1	23.3	35	7.4	1.7
0	24.4	33.4	9.5	2.3
0	24.3	35	10.6	3.1
0	23.2	31.8	3.9	3.5
4.8	22.8	34.7	9.1	4.4
0.2	22.2	33.2	6	4.4
4.6	22.4	34.2	9.1	4.3
0	23.4	33	6.9	3.6
0.4	23	30.4	0.7	3.1
0	23.6	34.5	7.9	3.2
0	23.9	34.8	10	3.5
0	24.8	36.5	8.7	3.0
0	24.4	37	9.5	3.2
0	23.5	35.4	3	2.7
0	25.4	35.6	8.7	3.1
0.5	25.2	36.6	6.7	2.9
0	25.4	36.5	8.9	2.5
0	24.3	35	1.9	2.9
13.7	21.7	37.4	8.5	2.9
1.6	23.3	30.4	0.2	1.2
7.8	22.8	36	11.5	1.9
2.4	22	33	4.9	1.3
12.7	22	35.8	9.5	2.3
0.3	23.5	31	4.6	1.4
1.4	22.5	32.3	0.5	1.8
0.2	24.6	29.2	0	1.0
4.2	23	29.4	0	1.3
0	22.7	29.2	2.3	2.7
0	22.4	31.1	5.5	3.1
0	23.3	32.8	8.8	3.8
0.8	23.5	33.5	8.6	3.8
3.1	23.4	32.1	1.9	3.9
0	23.6	27.9	0	4.3
0	23.4	32.4	0.7	4.8
0	24.6	33.5	2.3	5.4
1.1	23.9	31.7	0.3	5.9
2.5	23.4	28.8	0.6	6.0
2.3	21.4	25.4	0.2	6.9
0	22.8	32	8.8	5.9
0	22.5	32.8	6.6	5.5
0	23.6	34.8	10.5	4.2
0	23.3	34.4	8.8	4.1
0	22.8	33.4	8.1	4.5
0	23.5	32.6	5.8	5.4
0	22.5	34	4.4	4.9
0	23.2	33	4.6	3.9
0	23.3	33.6	6.2	4.3
0	24.2	31.6	0	4.1
0	24	33.6	4.4	5.1
0	22.8	34.6	8.4	4.8
1.8	22.8	34	7.3	4.2
0	23.2	34.5	8	4.9
0	23	34	9.3	4.7
0	23.5	33.3	5.5	4.6
2	22.8	32.4	0.8	4.5
2.5	22.5	29.7	0.5	4.4
0.2	22.6	30.4	0.4	4.6
0.2	22.7	32.4	4.6	3.3
29	22.4	33.4	6.3	3.1
103.4	20.9	29.2	1.2	3.2
4.9	21.7	25.8	0	4.0
2.2	21.8	27.4	0.1	4.9
1.8	22	26.2	0	5.3
0	22.6	29.5	1.8	5.1
0	21.6	30.2	5.1	4.3
0.3	22.4	30.4	5.6	4.0
0	22.3	27.3	0	4.6
44.1	21.4	24.8	0	4.9
91.4	21.2	23	0	5.9
14	22.2	23.8	0	5.4
0.2	22.2	25.9	0	4.7
0	21.9	28	0.9	4.7
1	22.2	29.1	4.4	5.0
2.6	22	31.5	4.7	6.5
0.2	22.5	29.8	4.5	4.7
0.5	22.6	30	4.9	3.9
3.2	22.6	31.4	7.1	4.1
0.8	22.4	30	1.3	4.5
0	22.5	31.4	7	4.9
0	22.5	31.6	6.3	4.5
10.2	22.2	30.4	1.8	4.5
3.3	22.4	27.6	1.2	3.7
0.6	21.7	31.4	8.2	2.6
0	23.2	32.4	10.9	2.2
0	22	31.4	7.9	2.1
0	22.7	32.2	8.8	2.6
0	21.6	30.8	4.3	3.0
3.4	22.2	30.3	5.3	2.1
1.4	22	31.4	6.5	1.9
2.4	22.6	31.8	9.8	1.6
0	21.8	31.7	7.3	2.0
6.3	21.7	31.7	7.5	2.9
9	21.8	28.7	1.9	3.0
2.3	22.2	29.2	3.7	2.8
0.8	21.4	28.8	0.2	2.6
0	21.4	29.4	1.5	2.1
0.4	21.7	31.6	8.8	1.4
0	22.6	31.8	10.2	1.2
0.4	21.4	30.6	5.5	1.7
2.6	22.4	31.8	7	2.0
5.4	22.2	32.2	5.9	1.9
0	23	32.4	7.4	1.8
0.2	21.6	32.4	7.8	2.1
0	22.4	33.2	10.9	1.8
0	22.7	33	9.9	1.6
0	22.2	33.2	10.5	1.9
0	22.2	32.4	6.4	1.7
0	22.2	34	5	1.1
0	22.4	34	1.1	1.1
21.6	22.6	33.8	5.7	1.4
12.6	22	28.8	1	1.4
15.3	22	28.8	1.2	2.3
5.3	21.7	26.6	0.3	3.6
21.4	21.7	26.4	0	2.8
16.8	21.4	23.3	0	2.4
0	22.2	29.2	2.6	3.4
0	22.1	28.2	3	3.9
24	21.3	29.8	3.1	2.3
5.8	22	28.8	3.3	1.6
44.4	21.2	28.8	2.8	1.8
9.2	20.8	28.5	2.3	1.3
17.7	20.8	30.2	8.1	1.7
0	19.7	29.5	8.6	1.8
0	21.2	30.8	9.1	1.4
0	22.4	30.8	6.8	1.9
2.5	19.5	28.6	2	4.3
4.7	21.4	23	0	1.4
0.3	21.6	27.4	0.4	0.8
0	21.2	28.6	4.5	0.7
28.2	22.4	29	6	1.0
0	22	30	6.4	1.1
0	21	30.7	5.7	0.8
0	19.7	31.2	7.8	0.5
0	19	32.6	10.3	0.4
0	20	32.2	10.5	0.3
0	18.6	32.8	10.5	0.3
0	18.6	32	9.3	0.4
0	19.2	32.6	9.8	0.4
0	19	32.2	8.7	1.1
0	18.8	31.5	8.1	0.6
0	18.9	31.3	9.2	0.3
0	19.5	31.7	7.1	0.6
0	19	31.8	8.5	0.5
0	17.4	32.5	10.2	0.6
0	18	32.2	10.2	0.9
0	18.6	31.8	9.8	1.6
0	18.2	31.4	8.8	0.8
0	18	31.2	10.1	0.8
0	16.8	30.8	9.5	0.6
0	17.7	30.7	9	1.1
0	16.6	30.2	7.4	0.7
0	19.9	30.2	8.4	0.9
3.4	20.5	29	0.9	1.3
2.8	20.6	25.8	0.4	1.3
1.4	18.9	26.2	0.6	1.0
0	20.7	28.3	8.3	2.6
1.3	21	24.5	0.4	2.3
3	21.7	27.8	4.5	1.3
10	20.3	25.8	0.1	1.5
1	19.8	24.1	0.1	0.9
0.6	20.4	28.6	3.6	1.1
0	21	29.4	6.9	0.8
1.3	18.5	27.7	0.6	0.3
0	17.5	28.9	6.1	0.6
0	17	27.2	2.3	0.5
0	16.8	27.9	6.8	0.6
0	16	28.8	8.5	0.8
0	15.4	29.6	9.4	0.7
0	14.5	28.9	9.1	0.7
0	14.5	28.9	9.6	0.8
0	15.6	28.8	9.1	1.4
0	15.8	28.7	8.5	1.1
0	15.7	28.9	8.4	0.6
0	15.8	29.7	9.5	0.4
0	16.5	29.4	8	1.5
0	15.8	28.8	6.8	0.6
0	15	29.2	8.5	0.7
0	14.9	29	9.3	0.6
0	15.6	29.6	9.9	0.6
0	19	29	6.4	0.7
0	20	28.8	1.8	1.3
0	21.2	29	3.6	1.8
0	17.6	31.4	8.8	0.9
0	17.1	30.8	9.6	1.5
0	17	31	9.7	1.2
0	15.7	31	9.7	1.1
0	13.7	29.2	9.4	0.9
0	14.8	29.8	9.7	0.6
0	15	30	9.6	0.8
0	16.8	29.7	8.5	1.1
0	15.4	29.6	6.6	0.8
0	12.8	29	8.7	0.4
0	14	29	9.1	0.8
0	13	29.2	9.4	0.8
0	11.4	29.2	9.6	1.3
0	12	27.7	9.7	0.9
0	13.4	28	9.4	1.0
0	16	28.8	9.1	0.9
0	16	29.8	8.2	0.8
0	13.5	29	7.3	0.6
0	9.5	29.3	9.2	0.5
0	9.3	29.4	10	0.4
0	8.8	29.2	9.2	0.5
0	8.6	28.2	10.1	0.4
0	9.4	29	9.5	0.3
0	9.2	28.4	9.6	0.5
0	12.2	25.8	8.3	1.1
0	12.8	26	7	1.4
0	13	26.6	7.2	1.0
0	13.2	26.8	8	1.1
0	11.8	26.6	7.8	1.0
0	12.7	27.6	8.5	0.4
0	13.2	28.8	8.8	0.9
0	13	28.4	8.6	0.8
0	13	29.4	9.6	0.5
0	12.9	28.6	7.6	0.4
0	12.4	28	8.4	0.5
0	13	28.2	8.6	0.3
0	12.3	28.7	8.8	0.3
0	9.9	27.7	8.8	0.4
0	10.3	27.8	7.8	0.3
0	9.9	28.2	10.1	0.3
0	10.2	28.2	9.9	0.2
0	12	28.2	8.8	1.0
0	11.6	27.3	8.3	0.8
0	11.6	27.3	9	0.6
0	11.1	27.2	9	1.1
0	11.6	27	8.7	0.9
0	12.5	28.3	9.1	0.7
0	12	27.8	8.4	1.0
0	13.2	28.2	8.7	0.9
0	13.6	29	9.5	0.9
0	13.2	29.4	9.8	1.2
0	13.2	31.7	9.9	0.6
0	14.3	30.9	9.8	0.6
0	11.6	29.8	8.7	0.6
0	12.5	30.3	9	0.2
0	12.8	31.3	9.5	0.3
0	13.7	32.2	9.4	0.4
0	14.7	32.2	9.5	0.2
0	15.7	32.7	9.7	0.8
0	13	28.6	9.1	1.1
0	14.1	29.8	7.8	0.8
0	14.2	29.4	9.6	1.0
0	17.8	30.4	9	1.1
0	14.9	30.2	9.4	1.6
0	17.8	30.7	8.6	2.2
0	14.3	31.4	6.7	2.1
0	12.5	31.4	9	0.7
0	14.2	31.8	9.5	0.4
0	14.3	31.2	9.7	1.3
0	16.4	30.9	10	1.1
0	14.5	31	10	0.7
0	14.7	32.3	10	0.3
0	14.4	32.4	10	0.3
0	15.1	32.7	9	0.7
0	17.2	31.9	7.3	1.4
0	16.8	31.3	9.9	2.6
0	17.9	29.7	8.9	3.3
0	18.4	30.8	9.3	1.6
0	16.9	30.9	6.1	1.7
0	13	28.9	8	1.5
0	12.4	28.8	9.8	0.8
0	13.7	31.1	10.3	0.4
0	13.3	30.8	10.1	0.5
0	15.3	30	6.9	1.2
0	18.9	30.9	8.2	1.2
0	14.5	29.7	9.6	1.4
0	12	29.8	10.4	1.1
0	12.7	29.9	10.7	0.8
0	12.6	31.5	10.5	0.9
0	14.1	31	10.5	1.7
0	13.3	31.4	10	1.2
0	13.5	32.8	10.8	0.4
0	15.3	33.6	10.7	0.5
0	17.8	33.8	10.6	1.2
0	17.6	34	10.6	1.8
0	17.5	34.6	10.3	1.5
0	13.5	32	10.7	0.9
0	14.6	33.5	10.5	0.1
0	17.6	33.2	10.5	0.3
0	20.7	33.5	9	0.1
0	21.2	33.6	6.8	0.5
0	19.3	36.1	9.8	1.4
0	19.3	36.1	9.8	1.4
0	20	34.8	8.2	1.4
0	20.2	34.4	7.7	2.3
0	18.8	34	8.5	2.7
0	19.3	34.4	9.9	3.3
0	17.6	33.7	10.4	1.8
0	19	34.6	7.9	1.1
0	21.7	34.7	10.1	2.2
0	17.2	34	9.5	2.1
0	16.9	35.6	10.6	1.7
0	18.3	36.4	10.2	1.7
0	19.5	36.8	9.8	1.8
0	23.5	37.9	8.1	2.0
0	23.4	37.4	8.3	2.0
0	20.8	36.3	2.7	2.0
0	23	37.9	9.1	1.6
0	21.2	37.2	4.3	0.9
0	20.5	37.5	9.4	1.1
0	21.3	37.9	9.7	1.1
0	19.1	38	9.8	1.4
0	17.7	38.7	10.5	1.3
0	19.7	36.7	10.3	1.7
0	19.4	36.7	10.5	2.2
0	18.2	37.2	10.3	2.3
0	21.2	37.9	10.1	1.4
0	21.8	38.8	9.7	1.4
0	21.6	39.4	9.9	1.3
0	19.9	39.2	9.6	1.7
0	19.7	37.9	10.4	2.1
0	21.3	38.8	10.4	2.2
0	22	38.6	10.6	2.7
0	22	38.3	10.2	2.8
0.6	21.5	37.8	6.9	2.5
5	22.9	37.2	8.8	2.4
3.8	21.5	37.2	7.5	2.6
0	21.3	36.9	8.1	2.5
0	20	36.7	9.4	3.3
0	21.2	37	8.6	2.2
0	21.1	35.8	10.4	2.6
0	22	35.5	8.7	1.9
0	20.2	34.3	5.4	2.4
33	21.5	34.8	7	1.9
1.6	22	33.3	7.2	1.2
0	21.4	33.3	11.3	1.8
0	22.8	37.3	11.1	1.9
0	21.4	38.3	11.1	1.6
0	20.6	38	11.2	1.5
0	20.1	38.8	11.5	1.5
0	23	39.2	11.2	1.6
0	24.1	39.7	10.2	2.1
0	23.7	39.7	9.7	2.2
0	23.6	39.4	9.1	2.1
0	24.4	40.5	10.6	2.3
0	26.7	39.2	8.1	2.5
0	25.2	40.7	10.2	2.4
0	25.5	39.9	10.1	2.5
1.8	24.2	38.6	7	2.4
0	26.4	38.4	10.4	2.6
0	25.4	38.4	9	2.6
0.6	25.5	40.6	7.6	2.0
0	25.1	37.7	7.6	2.8
0	25.5	40	9.4	2.7
0	29	40.2	11.2	3.3
0	29.4	41	9.6	3.1
0	26.2	41	10.3	2.4
0	24.2	41.2	11.1	2.3
0	22	41	11.6	2.2
0	25.4	40.7	11.8	3.5
0	24.5	40	11.5	3.4
0	23.2	39.3	11.6	2.6
0	26.7	40.4	11.3	2.6
0	26.4	40.4	9.5	3.2
0	27.7	39.3	11	2.6
0	25.4	40.4	9.1	2.7
0	26.5	39.4	11.7	3.0
0	27.2	39.1	11.9	2.9
12	23	39	9	3.0
0	24.8	35.5	6.5	1.9
0	26.6	39.2	11.5	2.5
0	26.3	39.8	11	2.9
0	27	39.3	6.7	2.8
8	21.5	37.8	4.1	3.8
0.4	23.8	33.3	1.9	1.8
0	23.5	36.8	9.1	1.6
0	24.2	38.3	11.7	1.8
0.6	25.7	39.6	10.2	2.0
0	24.9	35.7	3.2	1.8
0	24.2	37.8	5.7	2.3
1.9	23.5	39	9.8	2.5
0	25.2	37.8	7.9	2.3
11.4	22.4	38.3	5.8	2.5
1.4	21.3	27.6	0	3.1
0	25	35.6	8.5	2.4
0	24.5	35.3	2.9	2.7
1	24.3	35.4	5.1	3.0
0	25.2	33.2	2.3	2.4
7	23.2	34.6	4.4	2.0
0	23.9	35.2	5.1	1.6
1.4	24.3	32.3	0.9	1.0
0	24.4	31.8	0	2.0
0	24.5	35.7	10.1	3.2
0	24.3	36	9.9	3.3
0	24.7	35.4	6.4	3.8
17.8	23	34	2.8	3.1
21.4	22.4	31.6	2.6	1.8
40	22.7	31.2	1.4	3.1
16.6	22.8	28.4	0	3.3
6.8	22.5	25.7	0	5.4
0.6	22.9	27.7	0.7	3.9
1.2	22.8	32	6.2	3.6
0	23.2	29	0	3.8
24.6	21.4	28.4	0	4.4
3.4	22.5	28.8	0.4	4.9
0.5	22.5	26	0	5.4
3	24	26.5	0	5.1
0	23.5	29.9	2.6	5.4
0	23.5	32.4	8.5	5.4
0	23.8	33.7	9	6.1
0.8	23.2	32.8	8.1	5.3
0	23.7	31.8	6.6	5.9
0	23.9	33.3	7.1	6.1
0	24	29.6	0.7	5.8
0	23.5	32.2	2.7	5.0
0	23.2	32.7	5.5	4.1
0	22.8	32.7	7.5	3.7
0	23.5	33.3	5.4	4.0
0	23.6	32.7	4.1	4.8
1	23.5	32.2	0.7	3.3
39.2	21.8	31.2	1	3.2
0	23.5	28.7	0	3.4
2.2	23	28.8	0.3	2.7
1.6	22.8	31.4	9.3	2.7
0	23	31	4.3	1.9
0	23.4	32.5	7.4	2.0
3.2	23.8	33.3	8	1.6
0	23.6	31.6	5.2	1.8
2.4	21.9	29.4	0.9	1.6
0	23.4	31.8	7.2	1.9
7	23.2	31.8	7.3	2.4
0	23.5	32.7	8.7	1.9
0.5	23.8	31.8	5.3	1.8
0	22.5	30.8	5.2	1.8
0	22.3	30.4	2.4	1.7
0	21.8	29.8	2.3	1.8
0.2	21.8	30.6	3.9	1.4
37	20.7	31.8	6.9	1.6
74.6	21.4	31.4	4.9	2.0
0	22.6	28.4	1.6	2.6
1	22.5	28.2	1	3.4
0.1	22.7	29.8	6.9	4.5
11.6	22	29.6	2.6	4.0
0	23	28.3	0.1	4.7
0.4	23	27.4	0	4.9
2.2	22.6	29.5	3.9	4.2
0	22.2	30.3	9.4	3.2
2.6	21.7	31.3	10.2	3.1
8	22.2	31	5.9	3.3
0.8	21.5	28	0	3.1
0	21.7	29.3	2	3.5
0	21.7	30.3	10.1	2.7
0	22.5	31	8.8	2.1
0	21.8	30.4	5	1.9
0	23.3	30.8	6.6	2.4
11.4	20.8	29.4	3.6	2.5
8.8	20.4	30.5	2.3	1.9
0	21.6	29	4.7	2.3
0	22	30.6	9.2	1.8
0	21.8	31.8	10.4	1.4
12.8	23	32.4	9.1	1.9
27.6	21.8	27.6	0.6	1.6
0.5	21.5	29.7	3.1	1.3
0.2	23.2	32.3	8.2	2.2
0	23.4	30.6	5.1	1.6
12.6	22.2	29.7	3.3	1.6
3.7	22	28.8	2.5	1.6
7	21.5	29.3	4.2	2.4
0	22	29	2.5	2.6
3.2	21.7	28.4	2.4	2.4
0	22.6	28.6	0.5	2.2
0	21.8	29	2.4	2.6
0.6	23	29.4	8.4	2.8
7.8	22	29.8	4.4	3.4
0	21.8	27.2	0	2.4
0	21.6	28.8	3	2.1
0	22.7	29.3	4.1	1.1
0	22.6	30	2	1.0
0	22.3	31.6	8.3	1.1
0	22.8	32.2	7.6	1.4
31.2	20.7	31.8	6.9	1.2
0	21.7	31	8.2	1.5
0	22.4	30.3	8.7	1.9
13	22	28.8	0.4	1.6
20.2	22	30	4.2	2.4
7.8	21.4	24.8	0	2.2
17	22.7	29.4	3	1.0
1	21.8	28.3	2.1	1.3
13.6	22.2	27.2	1.8	2.3
17.7	22	27.4	0.3	1.9
0	22.2	29.6	5.8	2.8
0	22	29	4.2	3.3
1.8	22.2	28.8	5.2	2.6
8	21.2	29.4	5.1	2.4
0	20.2	29.3	9	1.9
3.5	22	29.5	9.2	2.1
0	21.8	29.7	6	2.0
2	21.8	30.4	3.7	1.6
0.3	21.5	27.3	2.9	1.8
1.3	21.7	28.2	0.9	1.3
0	20	30.3	7.4	1.3
0	18.6	30.7	8.3	1.4
0	22.4	30	2.7	1.2
1	20.8	29.2	1.2	1.5
0	21	30	3.9	1.6
0	18.2	30.3	7	1.0
0	19.4	31.4	10	0.9
0	17.8	31.6	9.9	0.9
0	18.6	32.2	10.3	0.7
0	17.8	32.2	10.1	0.9
0	16	32.2	10.2	0.8
0	15.4	31.4	10.3	0.9
0	16	31.3	10.3	0.8
0	15.6	30.5	10	0.5
0	15.8	31	10.2	0.8
0	17.4	31.2	10.2	0.8
0	17.8	30.2	5.1	0.8
0	19.2	29.8	4.9	0.6
10.8	19.6	30.2	4.4	0.8
0	18.6	30.2	4	0.8
2.2	21	29.4	3.2	1.0
0	20	29.6	5.4	2.3
0	17	29.3	7.4	1.8
0	14.3	29.3	4.8	1.5
0	15.6	30.2	8.4	1.3
0	15.4	30.8	9.9	0.9
0	15.4	30.3	7.8	0.7
0	17.7	31.2	7.9	0.8
7	20.8	29.3	0.8	1.0
27.6	22	26.7	0.8	1.2
0	19.7	28.3	5.4	3.2
0	18	29.4	10.3	1.5
0	19.4	30.4	10.2	1.7
0	19.6	30.3	9.7	1.7
0	19	31.5	7.8	0.8
0	16.8	31.3	9.8	0.7
0	14.2	32	10	0.7
0	13.6	30.6	10	1.1
0	13.5	30.2	10.2	0.7
0	13.8	30.6	9.8	1.1
0	13.4	30.8	9.8	1.1
0	13	30.3	10.1	1.2
0	10	29.9	10.1	1.0
0	11.6	30.2	10.2	0.9
0	9.9	29.4	10.3	0.8
0	9.9	28.8	10.3	0.9
0	11.4	28.2	10.4	1.2
0	12.2	28.3	10.4	1.3
0	13.8	28.2	8	1.1
0	11.6	28.9	10.1	0.8
0	7.7	28	10.2	0.8
0	7.3	28.4	10.1	0.8
0	8	28.2	10.2	0.8
0	8.2	28	10	0.8
0	9.4	28.4	10.5	1.2
0	12.3	29	10.5	0.9
0	13	30.3	10.1	0.9
0	11	30.3	10.2	1.0
0	10.3	29.5	10.1	1.1
0	12	28	8.5	1.8
0	13	27.8	4.3	1.6
0	14	27.6	6	1.7
0	13.2	28.2	4.4	1.1
0	13.5	28.2	7.9	1.8
0	11.5	28.2	3.5	1.9
0	11	28.2	7.5	1.1
0	11	27.6	9.8	0.8
0	12.4	29	9	0.8
0	12.8	27.6	6.8	1.0
0	12.6	28.2	6.7	1.0
0	13.4	28.4	6.7	1.3
0	12.8	28.2	8.7	1.5
0	13.6	29.6	8.8	1.6
0	13.4	28	8.1	2.1
0	13.6	29.1	9.4	2.1
0	14.6	29.2	9.6	2.3
0	12.6	29	9.5	1.7
0	18.5	28.2	9	1.5
0	15.4	27.4	0.6	1.6
0	15.8	29.6	7	1.8
0	14.5	31	9.5	1.2
0	10	31.3	9.9	0.8
0	9.4	31.3	10	0.8
0	10.6	31.9	10.2	0.7
0	11.6	31.7	9.7	0.7
0	12.7	32.4	9.9	1.0
0	15.4	32.4	10.2	0.8
0	14.6	31.7	9.7	0.8
0	15.2	32.4	9.6	0.8
0	13.8	30.8	9.6	1.4
0	14.5	29.8	9	1.8
0	14.8	29.3	8.6	1.8
0	14.3	28.3	7.9	1.8
0	10	28	9.2	1.6
0	10	28.6	9.8	1.7
0	9.9	28.4	10	2.1
0	11.2	28.2	9.6	1.5
0	10.7	28.7	9.8	1.4
0	11.4	27.8	8.4	1.7
0	11	28.6	9.6	1.4
0	11.8	30.2	10.2	1.5
0	12.6	30.6	10.1	1.6
0	13	30.6	9	1.1
0	11.8	30.7	9.7	1.2
0	12.4	31.2	9.9	1.2
0	12.8	31.5	10	1.1
0	11.4	31.2	10.3	1.0
0	11.2	29.9	10.3	1.4
0	11.8	30.3	10.5	1.3
0	12.7	31.3	10.4	1.4
0	13.5	31.4	10.1	1.5
0	16.2	31.3	9.9	1.9
0	18	31.4	9.7	2.5
0	16.7	30.6	8.8	2.1
0	17.7	29.6	4.7	1.9
0	14.8	31.4	8.4	1.9
0	8.2	27.5	8.2	1.8
0	8	26.5	8.9	1.1
0	11.4	29.7	10.2	1.1
0	11.2	31	9.5	1.3
0	12.9	30.2	10.1	1.3
0	10.7	28.6	10.2	1.4
0	11.3	29.6	10	1.1
0	18.7	30.8	9.4	2.3
0	18.8	30.6	6	2.6
0	18.2	27.3	1.2	1.8
0	19.5	28.9	3.4	2.7
0	16.7	28.6	2.3	2.4
0	19.6	30.5	7.3	2.3
0	17.6	26.7	0	1.4
0	17.9	29.6	7.8	1.3
0	22.3	29.9	6.2	2.9
0	22.2	30	5.7	3.3
51.4	19.5	30	3.9	2.4
1.8	18.3	30	2.8	1.7
0	17.5	28.7	9	2.1
0	15.8	29.8	8.9	1.9
0	15.5	30.2	10.1	1.4
0	17.5	32	10	1.5
0	17.6	33.1	9.2	1.9
0	16.4	33.2	8.8	1.9
0	17.3	31.7	9.5	1.1
0	16.9	31.8	7.9	1.3
0	16.2	30.8	9.8	1.9
0	18.2	31.8	9.9	2.0
0	16.4	32.5	10	1.4
0	15.2	32.7	9.4	1.1
0	15.5	32.8	9.9	0.9
0	13.7	32.3	9.9	1.4
0	13.2	31.3	10.3	1.4
0	13	32.2	10.4	1.1
0	15.2	33.2	10.4	1.4
0	15.5	33.4	10.3	1.8
0	16	33.8	10.3	1.6
0	14.7	33.7	10.2	1.7
0	16.5	34.4	9.8	1.7
0	15.2	34.4	10.4	1.9
0	15	34.8	10.5	1.9
0	15.6	35.4	10.5	1.9
0	14.8	34.8	10.4	2.0
0	16.8	34.2	5.4	1.7
0	15.8	34	8.5	2.0
0	19.6	34	7.9	2.6
0	19.6	33.7	6.9	3.4
0	19.6	32.6	2.8	1.6
0	19.5	34	10.3	2.0
0	21.7	34.4	9.1	2.2
0	20.5	35.4	10.5	1.9
0	20.5	35.2	8.7	2.3
0	22	35.1	10.2	2.6
0	20.3	35.7	9.8	3.1
22.4	19.8	33	4.9	2.9
37	19.4	29.6	1.3	2.4
78.2	20	22.4	0	1.4
0.6	21.4	27.2	2.8	0.9
0	20.9	31.2	7.1	1.2
23.2	20.5	31	5.5	1.3
0.2	19.9	31.5	8	1.7
0	20.8	32.7	4.5	1.4
0	22.5	33.8	10.6	1.4
1.2	21.7	32.6	6	1.7
0	21	31.2	7.9	1.7
0	18.4	33.2	10.8	1.1
0	19.5	33.4	11.2	1.4
0	17	34.4	11.4	1.6
0	19.8	33.2	11.1	1.4
0	21.8	33.4	9.9	2.8
9.4	19	31.7	8.5	2.9
0	18.6	31.2	6.7	1.8
0	19.8	31.2	7.5	1.2
0	19.8	32.6	7.9	1.3
0	18.2	34.2	10.6	1.2
0	19.7	35.2	10.3	1.3
0	20.5	35.6	10.6	1.3
0	21.6	36.1	10.7	1.4
0	20.9	36.8	10.4	1.4
0	21	35.9	10.4	1.6
0	21.5	36.7	10.3	1.3
0	21.3	37.3	10.6	1.3
0	21.5	38.4	11.1	1.2
0	20.4	37.7	10.8	1.4
0	20.3	37.7	10.7	1.2
0	21.4	38.7	10.7	1.2
0	19.2	38.8	10.7	1.3
0	21.7	40	10.8	1.3
0	20.7	37.2	9.5	2.4
0	20.4	36.8	10.3	1.8
0	19.5	36.6	9.7	1.6
0	19.6	37.8	8.2	1.5
0	23.5	39.3	9.2	1.6
0	23.4	40.1	10.2	1.7
0	24	39.4	10.8	1.5
0	22.6	40.2	10.9	1.5
0	19.4	38.4	9.9	1.8
0	20.4	39.1	10.8	2.3
0	24.5	38.5	10.9	2.5
0	21.5	38.2	10.6	2.3
0	20.5	37.3	10.8	2.0
0	23.5	38.2	10.8	2.2
0	22.5	38.7	8.5	1.6
0	24	39.1	10.7	2.0
0	24	38.7	10.1	2.4
0	23.6	38.8	10.1	2.3
0	22.9	38.8	11	2.3
0	25.1	38.7	9.3	2.1
0	25.1	39.1	10.6	2.3
0	24.6	39.3	9.4	2.9
0	24	39.5	10.8	2.6
0	24.8	40	11.3	3.1
0	25.7	39.9	11.8	3.0
5	22.8	39.2	10	3.3
3.3	21.8	36.8	7.9	2.6
0	22.6	35.9	8	3.1
0	22.2	36.7	6.6	2.0
0	25	37.8	8.8	2.8
0	24.5	37	8.9	2.1
1.2	25	39.4	10.3	2.0
1.3	23.6	38.4	3.8	1.8
0	25.6	40.7	11.1	2.1
0	27.4	40.6	10.9	2.9
0	27.3	39.8	7.6	2.2
0.4	25.4	39.3	6	3.4
0	25.5	37.6	4.5	3.0
0	25.8	38.6	7.1	2.8
5.8	24.2	36.2	4.3	2.1
0	24.5	36.3	8.6	2.4
0.7	24	36.3	7.8	2.6
0	24.3	36.9	10.5	4.0
0	24.3	35.7	7.2	2.8
0	24	35.7	9.5	3.8
0	24	30.7	4.5	4.1
2.7	22.8	34.3	8	3.8
0	24	35.2	9.1	4.6
0.5	22.6	34.5	3.3	3.8
36.7	21.8	32.3	1.4	4.0
0	21.8	31.2	0.8	4.3
0	22.2	32.6	4.6	5.5
0	23	30.9	0	5.5
0	24	29	3.6	5.6
0	23.7	32.7	2.6	5.9
0	23.8	34.4	4.4	5.1
0	23.8	35	6.8	4.0
0	24.2	36	8.1	3.4
0	25	35.4	7.3	3.4
0	24.3	32.8	0	3.9
9	22.2	35.7	7.8	3.9
3.8	22.2	31.7	1.7	3.1
2.2	21.7	28.8	0.1	3.2
13.2	21.8	32.2	3.1	2.9
0	23.4	30.4	2.1	3.0
0	22.5	31.5	1.2	3.5
1	22.7	32.7	6.5	3.6
0	22.8	34.1	8.7	4.6
0.4	22.9	32.3	1.2	4.1
0	22.9	33.9	8.2	3.9
0	23.6	34.2	5.6	3.8
0.6	23.8	34.2	8.1	3.6
0	23.2	32.6	3.7	3.6
0	23.5	34.2	8.2	4.7
0	23	34	3.9	4.3
1.1	23.6	32.2	3.1	3.0
0.9	22.3	32.8	3	3.6
0	23.2	33.2	5.2	4.5
0	22.7	33.4	1.6	4.3
0	23	34.7	10.6	4.2
0	23.9	35.7	9.5	3.4
0	25.7	34.4	7.6	2.4
0	24.9	35.3	5.5	2.8
0	25.3	35.8	9.1	2.7
0	25.9	35.6	4.4	2.6
0	24.4	35.5	0.8	2.6
4.4	20.9	35.6	0.5	2.4
0	23.4	32.6	2.6	1.8
10	21.6	33.6	3.2	2.1
0	22.2	31.5	3.5	1.5
16.2	21.2	32.7	5.1	1.6
0	22.4	27.8	0	1.3
2.8	20.8	30.3	3.1	3.9
18.2	19.8	24.3	0.4	3.7
50	21.4	28	0.5	4.1
0.3	22	25.5	0	4.6
3.8	21.7	28.2	0	3.8
5.6	21.8	31	4.8	3.7
0	22	30.9	6.6	3.5
14.7	21.6	31.6	6.7	2.9
23.7	21.8	31.2	6.5	3.6
32.7	20.4	26.2	0	3.4
4.1	21.2	25.4	0	4.3
1.4	21.7	25.3	0.3	3.9
0.3	21.9	29.6	5.1	4.2
21.3	21	27	0	3.6
125.2	21	27.4	0	4.4
81.6	21	23	0	4.5
3.5	21.7	24.8	0	4.0
0.8	22.5	27.4	0	3.7
0	21.6	29.4	6.6	2.6
0.9	22	30.7	9.1	3.1
0	22.4	30	1.2	2.8
0	22	28.4	0.3	2.4
11.4	21.5	30	5.8	2.1
0	21.9	30	3.1	1.8
0	21.4	28.3	2.2	1.9
6.2	21.8	28.3	1.3	1.4
0	22.5	29.2	3.6	1.9
0	22.4	29.8	3.6	1.6
0	21	29.8	8.4	1.9
0	21.6	30.5	10.1	1.7
0	23	31.8	9.2	1.5
25.4	21.4	31	1.4	1.4
0.9	22.4	29.4	5.4	1.2
0	22.6	31.3	8	0.8
0	22.8	31.8	8.3	1.5
0	22.6	33	8.2	1.3
28	21	32	4	1.3
0	22.7	30.1	7	1.3
0.3	22.3	30.4	4.3	0.9
0	22.5	31.2	10.9	1.7
0	23	31.3	10.4	2.1
58.6	20.4	32.7	8.5	1.6
9.2	21.6	31.2	7.7	1.1
51.4	21.4	29.8	5.6	1.6
2.2	22.4	30.2	7.2	1.7
20.3	21.2	29.3	1.4	1.4
5.2	21.2	28.2	0.8	2.1
5.2	22.4	29.5	4.2	1.0
19.1	22	28.4	1	1.6
2.5	21.5	25.2	0	3.3
0.9	20	27.6	1	1.9
0	20.6	28.7	9.4	2.5
0	20.8	28.7	7.2	2.9
0	20.8	27.4	3.6	3.3
0	21	29.3	4.8	4.1
0	21.2	30.2	7.2	3.2
0	20.7	28.8	4.2	2.1
2.1	21.6	29.2	2.9	2.1
7.4	21.2	28	0.3	1.6
0	21.4	30.8	8	1.4
0	21	28.7	2.2	1.5
0	22.4	30.6	7.6	1.5
0	20.4	30	2.4	1.9
0	18.5	30.1	9.3	1.6
0	19	30.8	10	1.2
0	18	28.5	2.5	1.2
0	17.6	31.8	10.3	1.3
0	18.5	31	10.5	1.1
0	22.6	31.7	9.8	0.9
0	21.8	30.7	3.4	0.8
0	21.8	30.8	8.6	2.0
0	21.2	31.4	9.8	1.6
0	20.8	32.8	10	1.0
33	20	33	9.8	1.7
0	20.9	30.8	3.6	0.8
0	21.1	30.5	6.9	1.1
52.4	19.8	31.7	6.3	0.8
0	21	31	9.1	0.9
0	21	31.4	8	1.1
0	19	31.7	8.2	0.9
0	17.7	31.8	9.9	1.3
0	18.6	32	9.9	1.3
0	21	30.9	9.8	1.8
0	22	31.2	9	1.8
0	20.5	29.8	1.2	2.1
0	19.5	31	9.2	1.9
0	19	31	8.2	0.7
0	17.2	30.7	6.5	0.8
0	19.4	30.7	7.8	0.8
0	21.8	29.9	3.4	0.9
0	18.9	30.7	7.9	0.9
0	14.2	30	10	1.2
0	13.5	28.5	5.7	0.7
0	13.3	29.4	8.4	0.9
0	13.6	31	9.8	1.1
0	13.9	31.4	10.5	1.0
0	14.4	31	10.4	0.9
0	14.4	31.8	10	0.5
0	13.2	31.4	10.4	0.9
0	13.4	31.6	10.4	0.9
0	13.8	31.4	10.1	0.8
0	13.5	31.2	10.3	0.6
0	13.5	31.5	10.2	0.7
0	13.8	31.3	10.3	0.9
0	14	31.4	10.1	1.3
0	14	30	10	1.1
0	14	30.6	9.9	0.7
0	14.7	29.4	9.8	1.0
0	16.7	30.2	9.3	1.0
0	15.2	29.9	8.7	0.9
0	15.2	29.4	9	1.0
0	14	29.4	8.6	0.8
0	15.6	28.6	5.6	0.9
1.5	17.5	28.8	0.2	1.3
6.8	21.2	28.9	0	2.5
0	20.8	28.5	3.7	2.5
0	19	28.9	6.3	1.3
0	20.2	29.7	5.6	1.4
0	18.8	30.2	8.6	1.2
12.4	19.2	31.2	6.9	0.9
0	17.8	29.5	5.5	1.0
0	17.8	29.8	8.3	1.0
0	12.4	29.9	10.1	0.9
0	11.4	29.4	9.6	1.1
0	13.5	29.6	8.9	0.9
1.4	18	29.4	6.7	2.3
3.4	19.6	23.6	0	3.1
1.1	21.2	24	0	2.8
0	17.6	27.4	1.9	1.4
0	18.3	29.7	6.7	1.1
0	16	30.3	7.6	0.7
0	12.4	31	9.2	0.7
0	12.5	30	9.8	0.9
0	11.6	31	9.5	1.1
0	10.9	31	9.9	0.9
0	10.9	31	10	0.9
0	12.4	28.8	9.9	1.4
0	15.8	29.2	8.7	1.3
0	14.8	30.4	7.8	1.0
0	14.4	31.2	8.9	1.0
0	15	30.2	8.7	1.6
0	14.5	29.2	9.7	1.5
0	14.6	29.2	8.8	1.5
0	13.8	29.3	9	1.3
0	13.5	28.6	8.9	1.3
0	12.5	28.4	8.7	1.5
0	10.9	28.1	9.5	1.6
0	12.2	28.8	9.7	1.3
0	11.5	28.4	7.4	1.1
0	10.7	29.6	8.2	0.8
0	11	30.4	10	1.1
0	15	30	9.7	1.1
0	13.6	29	6.9	0.6
0	11.6	29.3	8.5	0.8
0	9.5	29.2	9.5	1.0
0	10.4	30.2	10.2	0.9
0	10.2	30.2	10.3	1.0
0	11	29.4	9.3	0.9
0	10.9	28.8	9.9	1.0
0	12.5	29.4	9.5	0.9
0	14.2	28.8	9.5	1.1
0	13	27.4	8.3	1.5
0	11.5	27.4	8.7	1.5
0	12.5	28.2	8.6	1.2
0	14.8	28.3	8.7	1.5
0	15.4	28.3	8.1	1.9
0	15	28.4	10.2	2.5
0	18.2	27.4	8.4	2.7
0	16.8	28.2	8	2.7
0	15	28.2	8.9	2.2
0	14.2	28.6	9.6	1.7
0	13	29.2	9.5	1.6
0	12.8	26.8	8.3	1.7
0	13	27.8	8.5	1.6
0	12.4	27.6	9.1	1.7
0	12.5	28.2	9.4	1.4
0	12.6	29.2	9.4	1.3
0	11.5	28.6	9.2	1.3
0	11.7	29.2	9.5	1.2
0	12.2	30.2	9.5	1.1
0	11.2	30.2	9.4	0.9
0	11	30.7	10.2	0.8
0	11.2	31.6	10.3	1.2
0	12.8	33.2	10.6	1.3
0	11.7	32.7	10.3	1.6
0	12.4	32.8	10.3	1.6
0	11.6	32.4	9.8	1.8
0	11.7	34	10.6	1.8
0	14.4	33.3	10.4	1.4
0	14.4	33.8	10.2	1.3
0	15.5	33.8	10	1.2
0	15.6	34.4	10.2	1.6
0	15.5	33.8	10.2	1.4
0	16.3	33.2	9.7	1.4
0	16.7	33.2	8.9	1.9
0	18.2	33.2	9.4	1.4
0	17.2	32.2	6.8	1.2
0	16.7	31.6	8	1.3
0	15.5	32.3	9.8	1.1
0	15.7	32.2	9.8	1.4
0	17	31.9	9.1	1.9
0	15	31.6	9	1.4
0	16.1	32	10	1.1
0	17.2	32.8	10	1.2
0	17.5	33.3	9.5	1.5
0	17	32.7	8	1.3
0	17.5	32.3	9.7	2.1
0	16	31.4	9.8	1.9
0	15.6	32.6	9.8	1.3
0	20.2	32.7	9.8	2.1
0	15.6	32.6	10.3	1.9
0	16.8	33.2	9.9	1.6
0	18.5	34.3	9.7	1.6
0	18	36.4	10.1	1.4
0	15.6	36.2	10.3	1.7
0	15.8	36.2	10.6	1.1
0	15	36.4	10.7	1.1
0	16	36.8	10.6	1.1
0	15.2	36.2	10.6	1.4
0	16.5	37	10.4	0.9
0	15.8	37	10.5	1.0
0	19.4	37.3	10.3	1.0
0	18	37.5	9.7	1.2
0	17.5	37.2	10.2	1.3
0	17.2	37.6	10.4	1.0
0	19	37.3	10	1.4
0	18.9	36.4	9.2	2.4
0	16.9	35.7	9.4	2.3
0	17.2	32	10.2	3.1
0	17.7	33.4	9.6	1.7
0	17.6	35.2	9.9	1.6
0	19	34.5	6.9	2.1
0	20	33.4	8.9	1.8
0	15.5	29.4	0.6	1.1
0	17	34.8	10.1	1.3
0	19	35	9.3	1.4
0	18.7	35.8	9.2	1.3
0	22.2	37	9.3	1.4
5.8	20	37.2	6.6	2.3
0	16	35	6.8	1.8
0	18	33.2	7.1	2.1
0	21	33.5	7.3	2.5
0	18	32.5	2.6	1.4
0	17.5	32.5	7.6	1.7
0	19	35	8.8	1.4
0	20	36.3	7.5	1.1
0	20.8	36.7	9.4	1.8
0	20.5	37.4	9.6	1.2
0	22.4	38	10.3	1.2
0	22	38	8.8	1.5
0	21.5	38	9.3	1.2
0	22.2	38.8	10.2	1.6
0	21.5	37.5	9.6	1.6
0	22.4	38.6	10.5	1.4
0	21.7	39.2	9.5	1.6
1.4	23	39.2	9.9	1.9
25.8	19.5	37.8	6.6	2.5
0.6	22.6	32.7	5.3	1.8
0	22	33.7	6.3	1.3
0	20.8	35.7	9.8	1.4
0	21.2	36.5	9.7	1.3
0	22	37.4	9.4	1.2
0	21	37.4	6.3	1.5
0	23.2	38.8	10.7	1.3
0	22.8	38.8	8.1	1.3
0	24.4	39.8	9.6	1.3
0	24.5	40	8.3	1.4
0	25	40	9.6	1.8
0	24.2	39	7.5	1.6
0	26.2	40.3	9.6	2.5
0	27.5	40.7	9.7	2.3
0	23	38.4	5.9	1.8
0	22.7	39.9	10.5	1.6
0	26.7	40.2	9.8	1.6
0	24.5	38.3	6.3	2.7
0	23.2	38.4	7.8	1.6
0	21.3	39.2	9.4	1.3
0	23.4	40.4	10.9	1.7
0	25.2	40.6	10.5	1.8
0	25.8	40.3	6.3	1.8
0	26.1	41.7	10.4	2.0
0	23.8	42	10.7	1.4
0	23.3	42	10.7	1.8
0	23.3	41.5	10.9	3.9
1.9	23.6	39	8.8	3.2
0	23.6	38.8	8.8	1.8
0	27.4	40.5	9.9	2.3
0	25.1	39.2	5.7	2.2
0	26.2	41	10.8	2.0
0	21.6	41.2	11.2	2.2
0	21.6	41	11.4	2.3
0	24.9	42	11.3	1.7
0	26.3	42.2	10.8	2.2
3.2	24.1	41	9.9	3.0
0.2	24.6	39.6	9.6	2.0
0.5	25.5	40.2	11.3	1.8
0	25.5	40.4	10.8	2.1
0	28.4	38.2	7.9	1.6
0	24.4	39.8	9.7	2.7
0	24.2	34.5	1.8	1.4
3.1	23	39	8.3	2.9
0	25	37	10.4	2.3
0.8	26.2	39.5	10.1	3.5
0.6	26	39.4	8.2	4.0
0	25.4	39.8	10.2	3.9
0	25.4	39	9.2	2.5
0.4	27	39.5	8.9	2.4
0	27.6	40.6	10.6	2.4
0	27	41	11.2	3.1
0	27.4	39.2	6.8	2.2
0	25.7	39.8	10.4	3.1
0	25	37.7	9.2	4.8
0.6	25.2	38	6.3	3.8
0	27.2	38.4	10.9	4.9
0	27	38.8	11	5.1
5	23.2	38.4	9.7	4.6
0	23	35.8	9.5	3.1
58.2	21.6	35	6.3	3.4
0	24.4	35.2	5.7	3.9
0	25.8	37.2	10.6	3.0
0	27.6	38.6	7.8	2.7
3.2	22.5	35	1.6	2.6
1.8	25	35.7	9.5	4.2
0	25.2	36.8	10.5	3.9
3.2	24.2	37.8	8.8	3.2
0	25	38	10.7	1.9
0	24.3	38	7.6	3.4
11.4	21.2	38	7.2	3.0
8.2	23.2	37.3	9.3	2.8
0	25.4	35.8	9.9	2.1
5.2	20.5	36.3	7.9	2.9
0	24.2	32.7	2.7	2.6
0	24.2	34.2	9.1	3.8
0	24.5	35.6	11.3	4.1
0	25.5	35.7	9.7	3.9
0	25	33.8	2.9	3.9
0.8	24.5	34.9	7.6	4.1
0	25.2	34.5	4.2	4.1
0	24.2	31.4	0.5	3.3
0	25	35.4	10	3.1
0	25.6	35.7	8.4	2.5
0	25.4	33.4	3.9	2.9
0	24	33.7	3.9	4.4
0	23.6	33.3	2	4.1
1.6	22.5	33.6	5.6	4.0
0.6	22.8	33.6	4.7	3.8
10.4	23.4	32.7	7.1	4.2
10.2	22.8	29.3	1.1	4.2
1.3	22.4	28.7	0	5.2
9.4	23.2	28.8	0.8	4.4
0.2	23	28.8	0.7	3.4
0.6	22.9	32.7	6.8	4.5
0	23.8	33.7	8.9	4.8
5	23.4	32.2	0.1	4.7
0.3	23	29.2	0	5.6
3.4	23	27.2	0	4.7
0	23.5	31.4	3.6	5.0
0	23.2	33.2	9.4	4.3
0	23.5	34.3	9.3	4.9
0	24.4	33.6	7.5	5.6
11.8	22.6	31.3	0.5	4.7
4	22.4	28.2	1	4.8
0	23.3	28.2	0.3	5.0
0	22.6	32.2	9.3	5.0
0	23	32.6	7.4	4.7
0	24	34	9.6	4.7
0	23.5	31.8	4.5	4.6
0	23.2	31.8	1.8	4.3
0.4	23.5	32.8	6.8	4.3
0	23.8	32.4	2	3.5
0	24.4	34	5.5	2.3
0	24.2	32.8	3.9	2.8
0	24.6	32.7	7.3	3.2
0	23.6	32.9	5	2.8
0	23.8	34.4	8.4	3.5
0	24	34.9	9	3.6
0	23.5	33.3	5.9	3.8
0	24.6	35	9.6	4.1
0	24.6	35	7.6	3.8
0	23.6	32.8	4.6	3.0
2.1	24	28.3	0.2	2.6
12.9	22	30.6	1.2	2.6
1	23.5	26.9	0	1.9
0.2	24.3	30.2	0.6	1.3
0	24.5	32.2	3.1	1.7
0	24.5	31.9	4.8	1.9
0.8	22.4	29.2	0.2	1.8
0	24.3	32.2	8	2.1
45.8	22.2	32.2	4.2	1.2
0	23.8	31.2	7.4	1.9
91.4	21	32	9.9	1.9
6	23.5	25.9	0	0.3
0	23.4	30	3.4	1.1
0	23	33	6.9	1.5
41.1	22.4	28.8	4.6	1.3
20.7	22.1	27.5	1.3	2.2
76.1	21.2	28	1.1	2.9
27.5	21	26.8	0.4	2.8
1.8	21	29	2.4	3.2
0	22	29.5	8	2.6
0	22.2	30.5	9.7	2.2
92.8	20.5	30.8	11	2.5
4	23	26.6	0.1	1.4
121.5	22.2	28.2	0.8	2.3
9.6	22.6	26.2	0	2.6
0	22.6	28.7	2.9	2.7
0.4	22.6	28.6	4.1	3.4
14.6	22.5	27.2	1.2	3.4
10.9	22.2	28.6	2.8	2.8
2	23	28.3	4.4	2.1
3.4	21.4	30.4	5.9	2.3
0	22.5	30.8	10.5	2.4
0	22.5	31	10.5	1.6
0	22.8	31.2	8.2	0.9
4.8	23.4	33	9.5	1.3
0	23.6	32.2	5.4	0.8
0	21.4	32.4	6.3	1.0
0	23.5	32	9.1	1.1
0	22.2	32.4	10.1	1.4
0	20.4	31.8	8.8	0.9
0	22	32.4	10.4	0.8
0	22.2	32.6	6.4	0.7
0	23.7	33.2	6.8	0.9
19	23.4	31.4	6.2	0.7
0	23.2	32.7	7.7	1.0
10.4	22.2	33.2	7	0.9
0	22.6	33.4	9.8	1.4
0	23.5	33	9.8	1.7
0.2	22.2	33.3	9.8	2.2
9.8	21.6	27.4	1.6	2.3
13.2	22	31.2	8.6	1.7
40.8	22.6	28.8	1	2.0
13.5	23.5	29	1.8	2.0
20	23.8	30.2	2.8	1.1
24.6	23	28.4	2.1	1.3
2	22.8	27	0	1.6
0	22.2	28.8	6.3	3.2
0	22.4	28.8	5.3	3.7
0	23	28.8	4.4	2.4
0	21.7	30.6	6	1.4
0	22.1	29.8	4.3	1.2
0	21.4	30.7	8.6	0.8
0	22.5	31.2	8.8	0.7
0	21.6	30.2	5.2	0.9
0	20.1	32	9	0.9
0	19	31.4	10.4	0.6
0	18.4	32.2	9.9	0.7
0	19.2	31.8	10.2	0.6
0	19.2	32	10	0.5
0	20.7	32.5	10.2	0.6
0	20.2	32.6	8.9	0.6
0	17	33	10.2	0.7
0	17.4	33.4	10.5	0.9
0	17.2	32.5	10	1.3
0	15.9	32	10.5	0.8
0	14.7	30.8	10.5	1.0
0	14	30.7	10.5	0.7
0	14.7	30.4	10.4	0.8
0	15.5	30.4	10.4	1.2
0	16.5	30.8	10.3	0.8
0	17.7	30.8	10.2	1.4
0	21	30.4	5.9	1.0
0	18.5	30.8	3.5	0.6
0	14	31.6	10.2	1.0
0	14.5	31	10.3	1.2
0	14.3	31.2	10.3	1.0
0	17.2	30.8	10.1	1.2
0	21	30.7	9.1	1.7
0	21	29.7	9.2	2.6
0	21.8	29.5	5.6	2.1
0	21.7	29.2	4.8	2.4
0.2	21.8	27.4	0.2	2.8
0	20.4	26.2	0.5	1.9
0.6	22.4	28.9	5.9	3.4
1.4	21.7	28.6	5	4.8
0.8	23.4	30.2	6.5	2.6
0	20.5	30.8	9.6	2.5
0	20.1	30.7	8.2	1.6
0	21.6	31	7.1	2.1
0	23.1	30.5	3.9	2.4
23.2	22.6	28.7	1.2	1.3
18	21.5	26.7	0.7	0.5
0	18.1	27.8	4.8	0.7
0	15.8	28.6	9.8	0.6
0	13.7	28.5	9.7	0.6
0	14.8	29.2	9.9	0.5
0	17.4	29.4	9.7	0.8
0	18.2	30.4	9.9	0.7
0	15.5	29.3	7.8	0.7
0	15	30.1	8.4	0.9
0	12	28.7	10.4	1.2
0	11.6	27.4	10.4	1.3
0	11	27	9.9	0.8
0	11.6	27.2	9.9	0.8
0	11.4	27.6	10	1.0
0	11.6	27.8	9.6	1.0
0	14.2	29.3	9.8	0.8
0	14.8	29	8.3	0.8
0	12.8	28.6	7.7	1.0
0	12.6	28.3	9	1.1
0	15.1	28.8	9.3	1.3
0	13.1	29.3	9.2	1.6
0	14	28.2	9	1.4
0	14.4	28.1	8.1	1.1
0	13.4	28.3	8.7	1.3
0	14.6	28.9	8.5	1.1
0	14.5	28.3	8.5	1.4
0	13.7	28.4	8.1	1.4
0	14.2	29.4	8.8	1.3
0	17.4	27.3	5.6	2.1
0	15.2	28.6	8.7	2.7
0	14.6	28.6	8.2	1.4
0	14.3	27.6	7	1.5
0	15	28.2	8.8	1.6
0	16	27.4	7.2	1.6
0	13.5	28.3	7.6	1.0
0	9.2	27.5	10.2	1.2
0	8.4	27	10.3	1.1
0	10.6	26.5	9.9	1.1
0	12.4	27.5	8.5	1.1
0	15.4	27.2	7.8	1.7
0	19.6	27.4	6.1	2.9
7.4	17.7	25.4	0.2	2.3
0	15	26.6	4.8	1.5
0	16.2	27.7	8.3	1.4
0	13.3	27.2	9.8	1.4
0	11.2	27.7	10.2	1.2
0	11.2	28.8	10.2	0.7
0	13.5	29.7	10	0.8
0	13.2	29.3	8.5	1.1
0	10	27.6	9.6	1.3
0	11.9	26.8	9.8	1.5
0	16	27.4	8.4	0.9
0	19.5	26.6	3.6	1.7
0	17.2	28	6	1.4
0	19.2	27.9	5.3	1.9
0	19.6	28.8	2.7	1.8
39	19.4	25.3	0.2	1.0
0	20	26.2	0.3	1.1
0	15.4	25.8	2.5	1.5
0	14.2	27.7	8.9	1.2
0	14.2	28.5	9.4	0.9
0	12.5	28.7	8.6	0.8
0	10.6	28.7	9.6	1.0
0	9	27.8	10.4	0.9
0	8.6	28	10.8	0.9
0	12	27.6	9.4	1.3
0	12	27.3	10	1.4
0	15	27.3	6.8	1.4
0	16.7	27.6	7.2	1.5
0	12	27.3	10	1.4
0	15	27.3	6.8	1.4
0	16.7	27.6	7.2	1.5
0	15.4	27.8	6.6	1.5
0	11.3	28.2	10.2	1.0
0	12	29.3	10.2	1.3
0	13.5	28.8	8.9	1.9
0	14	29.4	8.9	2.8
0	15	30.6	9.7	2.6
0	13.5	29.9	9.7	2.3
0	14.6	29.8	9.6	1.7
0	14.4	29.9	7.7	1.1
0	14.5	29.5	8.6	1.2
0	15	30.2	9.6	1.4
0	15.9	31.8	10.6	1.7
0	17.5	30.8	10	2.4
0	15.9	29.4	8	2.8
0	16.9	32.9	9.8	2.3
0	16.5	32.6	9.9	2.5
0	18.2	34.2	9.3	1.6
0	18.5	34	9.9	2.6
0	17.7	32.6	7.8	2.2
1.6	17.8	34.3	8.3	1.0
0	19.7	33.4	8	1.4
0.6	19.3	34.2	7.6	1.6
0	19.2	35.2	7.9	1.4
0	20.4	34.2	9.1	1.6
0.5	19.2	33.8	8	1.5
0.3	19.9	33.6	9.1	1.7
0	16.2	32.7	10.4	1.4
0	19.2	35.5	9.8	1.5
0	18.5	33.3	8.6	1.1
0	16.2	34.3	10.3	1.1
0	17	35.2	10.6	1.3
0	17.6	35.4	10.6	1.4
0	18	36.3	9.9	1.6
0	21.7	36.8	10	1.4
0	19.2	36.6	7.9	1.6
0	19.8	35.7	10	1.4
0	21.8	37.6	9.7	1.4
0	17.2	35.2	10.2	1.9
0	20	37.4	10.6	1.3
0	21.2	36.6	9.7	2.1
0	22	34.5	7.2	1.8
0	21.5	35.2	7.8	1.6
0	19.5	36	10.3	2.3
0	21.5	35.7	5.3	1.1
0	19	36.2	6.9	1.5
0	18.7	33.2	2.4	1.3
0	19	36.2	5.4	1.2
0	19.5	36.3	8.3	2.0
0	18.8	34.9	5.8	1.7
0	19.4	36.6	9.2	1.4
0	19.7	37.8	9.3	1.2
0	19.5	38.3	9.6	1.2
0	20.5	39.3	9.8	1.6
0	20.5	39.2	9.6	1.7
0	23	38.8	8.9	2.1
0	22.2	38.8	9	1.9
0	23.4	38.3	4.8	2.3
0	24	37.2	7.4	1.8
0	25.8	36.4	8.9	2.0
0	25.5	36.3	4.9	2.0
0	22.2	36.8	5.3	1.7
0	20.2	37.5	10.1	2.0
0	18.4	37.4	10.8	1.9
0	19.6	38.2	11	1.6
0	21.5	38.2	10.7	1.4
0	22.4	38.7	10	1.4
0	23.9	39.1	9.4	1.2
0	21.6	39.2	10.4	1.5
0	23	39.7	9.5	2.1
0	22.5	37.9	5.2	1.9
0	23.5	38.8	6.3	1.4
0	22.8	39.3	5.7	1.6
0	24.7	41.1	10.3	1.3
0	27.8	41.3	9.7	1.4
0	25	41.1	8	1.5
0	25.7	41.7	8.6	2.5
0	26.2	40	6.2	1.6
0	24	39.2	6.9	2.3
0	25.7	39	9.6	1.9
0	26.5	40.7	7.8	2.2
0	27	40.4	10.4	2.3
0	24.5	40.6	10.9	1.6
0	25.6	40.7	10.5	2.3
0	28.6	40.8	9.1	1.6
0	25.9	41.4	10.4	2.6
0	25.3	40.4	10.6	1.9
0	27.5	40.7	10.8	2.3
0	23	38.2	7.8	2.9
0	25	39.8	10.2	2.2
0	26.2	40.4	7.4	2.8
5.4	22.9	38.8	7.7	2.2
15	21	35.3	2.3	1.3
0	24	33.9	6.5	1.5
0	22	36	6.4	2.2
0.2	22.2	34.5	2.7	1.7
0	21.4	37.2	10.3	1.9
0	25.2	38.4	10.9	1.4
0	26.5	40.7	10	1.9
1.2	24	39.9	10	3.3
0.2	24.6	37.8	6.7	1.4
0	26.6	40.3	10.9	1.7
0	27.9	41.5	9.4	1.8
0	27	41.8	11	1.5
0	28.5	42.4	11	1.9
0	27.6	41.8	9.2	2.6
0	25.2	41.9	10.4	2.7
0	27.2	41.3	10	2.0
0	26.8	40.4	8.4	2.3
0	27.8	41.8	9.2	2.3
13.4	21.2	41.2	7.5	2.5
0	25.5	33.3	0.8	1.5
0	24	29.8	0	1.5
0	23.4	31.6	0.6	1.0
7.9	21.6	38	9.2	2.9
0	27	39.8	9	2.9
0	28	41.2	10	3.4
0	27.4	41.2	9.7	4.3
0	27.2	40.7	11.5	4.8
0	27.6	39.8	11.4	3.5
0	27.5	40.8	11.2	2.8
0	28.5	41.6	11.3	3.6
0	28.2	41.2	8.2	3.2
0	28.2	40.6	8.2	2.4
0	26.4	40.8	8.8	3.8
0	26.8	37.8	2.4	3.1
24.8	21.8	39.4	8.1	2.6
0	26.4	37.6	6.3	3.0
0	27	38	10.2	3.6
0	27.1	37.2	9.3	3.6
0	27.6	37.7	9.2	3.7
1.8	24.5	38.2	11.3	3.6
2	24.4	33.8	0.4	1.8
3	23.5	36.8	5.5	1.9
6.2	24.2	36	5.7	1.8
10.8	22.2	34.8	7	2.5
0	24.6	31.7	1.6	2.6
4.4	23.4	30.8	1.8	3.1
0.2	23.8	33.4	6.2	4.1
0	24.2	33	6.2	5.2
4	23.5	33.3	6.9	4.2
62	22.3	34.2	2.3	2.7
17.4	23	31	2.8	2.3
3.2	23.5	29.3	0.4	2.3
0	24.5	30.4	1.9	2.9
0	24	33.3	5.1	3.3
0	24	32.2	5.5	3.1
0	23.5	30.7	0.3	3.3
0	23.5	33.7	5.7	3.2
0	24.8	33.7	6.9	2.5
0	24.6	34.8	8.9	3.3
0	25.2	36.2	11.3	2.8
0	25	34.4	5.9	2.5
4.8	21.5	34.5	5	2.6
52.8	21.9	30.8	1.1	3.1
0.4	22.9	26.4	0.7	3.8
0.2	22	27.2	0	3.1
0.8	23	31.8	10.1	3.0
27.8	22.1	32.8	8.8	3.1
42	22	28.3	0.1	2.3
19.6	21.5	28.2	0.8	2.2
1.1	23	26.8	0.1	2.1
0	22.6	30.8	5.1	2.1
13.4	21.6	32.5	10.3	2.4
9	22.8	28.6	0	1.8
0	23.5	28.8	0.1	2.2
0	24	31.7	10	2.8
0	24	31	9	2.8
8.4	22.5	31.3	4.4	2.4
1.9	23.8	28.6	1	2.0
0.4	22.6	28.7	2.6	2.3
0	23	29.2	5.6	2.2
0	24	30.2	4.2	2.1
5	23	31.9	6.9	3.3
10.8	22.5	28.6	1.5	3.1
0.3	23.2	28.6	1.1	3.4
31.6	22.5	31	2.1	3.3
8	22	27.2	0	3.6
7.4	22	24.4	0	4.4
0	23.4	28.2	1.5	4.1
0.5	23	27.7	0.1	3.0
21.8	21.5	29.2	0.2	2.5
3.6	21.7	25	0	2.6
3.2	22	27.6	0.3	3.2
0	22.5	29.3	7.3	3.5
0	22	30.2	6.7	3.6
0	22.5	30	6.9	3.6
8.8	22.4	28.7	1.2	3.7
0	22	29.4	4	2.6
20	21	28.2	0	2.4
9.6	20.5	23.6	0	3.3
0	21.5	28.6	5.3	2.2
0.2	22	31	9.4	2.1
0	21.6	30.7	11	1.9
0	23	31.2	10.2	1.9
11	23.8	29.5	3.6	1.3
4.3	23.2	30	3.5	1.6
38.2	22.2	30	0.6	1.6
17.1	23.5	29.6	2.3	1.1
39.2	22.8	30.7	2	1.1
26	23	32.2	7.4	1.1
51	20.6	31.1	5.6	1.2
19	22.8	30.2	4	2.0
90.7	21.3	30	5	1.4
0.2	23.4	28.8	3.7	1.1
13	22.4	31.4	9.5	1.3
0	23.8	31.3	9.3	1.3
5.9	22.4	31	8.6	1.9
8.8	22	31.2	7.4	1.6
43.2	22.5	31.7	7.7	1.5
12.4	22.6	28.3	0.4	1.1
0	23	29.4	4.1	1.4
6	23	28.8	0.8	2.0
6.3	22.4	27.4	0	2.8
4	22.2	23.8	0	2.9
0	22.5	26.5	0	3.5
2	22.4	30.2	4.8	2.9
0	23.2	30	6.8	2.6
14.6	21.5	29.3	3	2.9
7.3	22	26	0	2.9
0.6	22.4	27	0.5	3.2
18.2	22.4	27.6	0.6	3.1
1.4	22.4	27.2	0	2.7
14	22	27.8	0	2.7
3.2	21.5	28.3	3.1	2.0
0	22.4	29.9	8.2	1.5
0	22.3	30.6	10.2	1.3
0	24.2	30.3	9.5	1.4
0.2	22.7	31.2	4.4	1.3
7.1	22.7	29.2	0.8	0.9
9	22	29.8	4	1.6
11.5	21	29	2.1	2.1
5.3	21.5	27.7	0.1	1.2
0	22	29.3	2.5	1.7
0	22.4	31.2	9.1	1.3
0	23	31.4	8.1	1.1
0	23.6	32.2	6.9	0.9
18	21	32.3	6.3	1.0
13.4	21.5	30.7	5.4	1.1
0.6	21.2	29.9	3.7	0.7
0	22.5	30.3	5.2	1.0
3	22.4	31.2	6.7	1.2
0	22.5	30.8	9.6	1.9
0	23.6	30.7	9.1	1.6
2.8	21.5	31.4	6.1	1.1
0	19.4	30.3	8.6	0.5
1.4	22.5	30	9.6	1.1
0	22.5	29.4	4.1	0.8
0	22.2	30.2	7.3	1.2
0.2	22	30.3	7.7	0.8
2.6	22.4	30.8	5.2	0.8
0	21.2	30	3.5	1.4
0	21.2	31	6.7	1.6
0	21.2	30	6	1.2
0	19.8	31.8	8.1	0.9
0	19.8	31.8	8	1.0
0	20	31.2	8.5	1.4
0	18.7	31.8	9.2	0.8
0	18.5	32.2	9.3	0.6
0	18.9	31.8	9.7	1.4
0	21.8	31.1	4.1	2.4
14	20.5	24.8	0	2.7
3.8	22	23.8	0	2.1
0.2	22.6	25.8	0.3	2.1
0	21.4	29.6	4.6	1.5
22	21.9	29.2	4.4	1.2
0	22.1	31.7	10.2	1.2
0	22	29.8	5.6	1.5
22.8	22	29.6	4.7	1.2
0.1	19.8	28.8	4	0.6
0	19.5	30	9.1	0.8
0	18.4	30.6	9.5	0.7
0	15	30.7	9.8	0.8
0	14.2	30.1	9.8	0.8
0	21	28.7	4.2	1.1
41.8	20	28.6	0.2	0.7
0.3	19.8	25.2	0.2	1.3
0	20.2	23.6	0	0.7
1.8	21.8	25.7	0.7	1.5
0.2	20.6	27.3	1	2.1
0	20.3	29.4	6.7	1.2
3.6	17.3	28	3.5	0.7
0	16	27	3.2	0.7
1.4	21.4	27.3	1.4	1.4
6.3	21.8	25.6	1.5	4.1
1	21.8	29	7.2	2.8
0	20	29.6	7.7	1.2
0	21.8	30.6	9.3	1.1
0	20	28.2	2.7	0.8
0	20.2	30.6	7	0.5
3.3	20.5	30.7	9.4	1.6
0	18.4	29	9.4	1.4
0	22	29.1	7.6	2.3
0	22	26.9	0.8	3.0
0	20.2	29.2	5.3	1.7
0	19.5	28.9	8.1	1.2
0	19.5	30	8.3	0.8
0	19.4	29.8	7.4	1.4
0	19.7	29.3	9.1	2.3
0	18.7	30.4	10.4	1.9
0	19	29.8	8.7	1.8
0	16.8	29.8	8.6	1.3
0	16.8	29.8	8.6	1.3
0	16.5	28.8	6.4	1.8
0	16.3	29.2	8.4	1.8
0	16.4	29.3	8.2	1.3
0	15.4	29.2	8.6	1.3
0	17.2	29	7.7	1.4
0	19.5	28.5	4.9	1.9
0	15.8	28.7	6.9	1.3
0	17.4	28.4	7.8	3.3
0	15.6	27.8	6.7	1.1
0	17.7	26.3	0.6	1.3
8.9	18.8	21.8	0	2.1
0.1	19.1	24.3	1.2	1.8
0	18.1	27	6.9	1.8
3.4	19.5	28	4.7	1.0
0.1	15.2	28.2	6.2	0.7
0	12	27.4	9.7	1.6
0	14	28.3	9	0.8
0	15.5	27.2	5.9	0.8
0	11.8	27.2	6.7	0.8
0	9.4	26.2	8.8	0.8
0	8	26.2	9.6	0.7
0	7.4	26.2	9.6	0.7
0	6.8	26.3	9.8	0.9
0	6.6	27.7	9.6	0.8
0	6	27.1	9.8	0.6
0	8.4	29.6	9.6	0.8
0	9	29.7	9.5	1.5
0	9.2	28.2	9.4	1.2
0	9.2	28.6	9.4	1.0
0	11.7	27.7	9.2	1.2
0	11.7	26.4	9	1.8
0	12.3	25.7	8.4	1.7
0	13.6	25.2	3.6	1.6
0	16	27.5	7.7	1.7
